learnedly|(2, [(1124422, 8625), (1371927, 10873)])
actually|(50, [(12884, 91), (96431, 891), (100938, 915), (109536, 966), (113029, 982), (123352, 1052), (135096, 1121), (136723, 1129), (141510, 1157), (158916, 1271), (165170, 1307), (270793, 2040), (296825, 2190), (373126, 2700), (568133, 3937), (604693, 4196), (651659, 4585), (726968, 5301), (818076, 6022), (926386, 6877), (1010729, 7579), (1033459, 7891), (1057792, 8159), (1150527, 8815), (1218948, 9435), (1259156, 9797), (1380428, 10960), (1385992, 11009), (1387896, 11023), (1400523, 11132), (1425808, 11349), (1444493, 11481), (1446332, 11490), (1477337, 11745), (1487531, 11831), (1488714, 11840), (1501926, 11974), (1513591, 12079), (1576085, 12612), (1600295, 12742), (1643695, 13075), (1671715, 13267), (1875980, 15015), (1882846, 15084), (1884699, 15101), (1887480, 15124), (1914951, 15339), (1916170, 15344), (1917449, 15352), (1918849, 15360)])
wully|(1, [(806263, 5876)])
excess|(1, [(1498723, 11941)])
meantime|(12, [(644881, 4513), (787368, 5736), (790688, 5766), (793242, 5787), (976846, 7273), (1130748, 8673), (1204430, 9263), (1378666, 10944), (1480679, 11771), (1564640, 12527), (1752837, 13917), (1928413, 15414)])
indescribably|(1, [(1530329, 12242)])
inaudibly|(1, [(727934, 5304)])
ere|(11, [(61414, 556), (80911, 807), (167654, 1319), (763318, 5541), (1071340, 8277), (1198175, 9164), (1417573, 11279), (1571494, 12588), (1791759, 14285), (1852596, 14768), (1935295, 15496)])
not|(47, [(194603, 1481), (197748, 1499), (245851, 1889), (352317, 2559), (437635, 3100), (441965, 3126), (472058, 3315), (510103, 3568), (612362, 4238), (729712, 5314), (746784, 5432), (771093, 5604), (823729, 6064), (838999, 6165), (886563, 6523), (889266, 6541), (905234, 6682), (999544, 7473), (1010726, 7579), (1020545, 7708), (1118522, 8590), (1180764, 9021), (1250407, 9726), (1295752, 10167), (1332884, 10530), (1352459, 10704), (1399014, 11117), (1491216, 11862), (1586637, 12667), (1587635, 12677), (1700968, 13471), (1722678, 13626), (1722930, 13631), (1749860, 13887), (1756887, 13949), (1780635, 14199), (1801824, 14375), (1817524, 14481), (1824071, 14522), (1830104, 14552), (1853006, 14779), (1921624, 15378), (1929101, 15418), (1940586, 15561), (1941181, 15566), (1950281, 15622), (1959436, 15678)])
together|(91, [(20323, 138), (59811, 536), (80930, 807), (98244, 897), (127800, 1079), (128449, 1083), (156143, 1252), (173153, 1344), (191244, 1437), (222761, 1762), (224492, 1773), (235920, 1836), (280259, 2085), (282477, 2104), (283896, 2114), (284316, 2116), (311851, 2304), (318340, 2344), (342690, 2496), (344618, 2510), (357756, 2589), (381677, 2762), (399037, 2870), (402179, 2893), (419920, 3002), (449144, 3168), (465692, 3278), (470628, 3305), (509691, 3565), (515270, 3603), (519529, 3626), (530505, 3706), (534788, 3734), (538874, 3757), (556653, 3871), (568215, 3938), (584959, 4068), (596014, 4137), (610570, 4225), (625569, 4319), (651436, 4582), (671801, 4834), (685929, 5002), (700659, 5151), (703655, 5164), (713090, 5221), (723027, 5283), (837562, 6154), (878237, 6476), (898684, 6619), (899348, 6626), (904849, 6676), (912607, 6762), (917976, 6817), (931161, 6916), (952923, 7094), (955430, 7115), (982177, 7322), (988337, 7364), (995039, 7440), (998037, 7459), (1000839, 7483), (1016694, 7674), (1016791, 7677), (1025110, 7793), (1062375, 8206), (1108623, 8523), (1108815, 8525), (1142230, 8750), (1142523, 8753), (1186996, 9064), (1232657, 9541), (1252091, 9750), (1252363, 9752), (1258678, 9796), (1294046, 10153), (1337278, 10554), (1494422, 11895), (1518703, 12145), (1527041, 12213), (1637092, 13020), (1664839, 13215), (1673527, 13280), (1714690, 13574), (1719759, 13605), (1842527, 14635), (1849088, 14695), (1867410, 14960), (1871910, 14991), (1904771, 15278), (1909001, 15308)])
assuredly|(11, [(727725, 5303), (746789, 5432), (760004, 5520), (780454, 5670), (781514, 5676), (1386209, 11011), (1418919, 11289), (1424317, 11337), (1779587, 14183), (1789258, 14261), (1811172, 14437)])
hoarsely|(2, [(1070428, 8271), (1463439, 11627)])
merely|(125, [(10811, 81), (71748, 628), (73396, 669), (89121, 850), (97501, 893), (127614, 1078), (165915, 1312), (215718, 1721), (234270, 1826), (257160, 1958), (276371, 2068), (277197, 2071), (419293, 2997), (454760, 3209), (478412, 3352), (527554, 3683), (541844, 3775), (586719, 4076), (609743, 4219), (615440, 4256), (639905, 4464), (649006, 4562), (664456, 4753), (680330, 4922), (704724, 5171), (722733, 5280), (747171, 5438), (751977, 5473), (839570, 6167), (850110, 6243), (850760, 6248), (853633, 6274), (923178, 6851), (936600, 6956), (938525, 6971), (955777, 7119), (987317, 7360), (989014, 7368), (1013715, 7607), (1015332, 7635), (1027630, 7831), (1068548, 8248), (1090605, 8405), (1096745, 8442), (1125505, 8630), (1128102, 8646), (1134601, 8701), (1149344, 8806), (1152090, 8824), (1153379, 8833), (1154769, 8840), (1164461, 8899), (1164803, 8903), (1170376, 8949), (1178855, 9003), (1184580, 9046), (1193510, 9107), (1201311, 9219), (1258688, 9796), (1274788, 9976), (1299944, 10200), (1327808, 10496), (1328621, 10504), (1365721, 10839), (1367738, 10854), (1369358, 10861), (1381442, 10966), (1383356, 10977), (1389497, 11031), (1392734, 11053), (1413877, 11251), (1429953, 11373), (1480249, 11767), (1510649, 12061), (1515271, 12100), (1516649, 12115), (1539480, 12307), (1548542, 12393), (1556429, 12473), (1565177, 12531), (1570039, 12578), (1577341, 12618), (1587899, 12680), (1630455, 12976), (1631819, 12986), (1670222, 13258), (1672036, 13268), (1673520, 13280), (1679323, 13308), (1688063, 13374), (1699903, 13460), (1708039, 13518), (1712705, 13561), (1717271, 13586), (1721512, 13616), (1727838, 13677), (1735916, 13768), (1740769, 13811), (1755010, 13931), (1782818, 14219), (1792206, 14288), (1797813, 14332), (1808511, 14417), (1821209, 14508), (1823547, 14520), (1826775, 14535), (1829344, 14546), (1830423, 14554), (1835713, 14593), (1841262, 14628), (1848184, 14685), (1854397, 14806), (1871219, 14987), (1872537, 14996), (1872912, 14998), (1889718, 15143), (1889745, 15143), (1894966, 15203), (1921321, 15376), (1922529, 15381), (1937174, 15527), (1946055, 15595), (1946109, 15595), (1948552, 15611), (1956845, 15663)])
fast|(21, [(5973, 39), (94521, 879), (120807, 1037), (148732, 1195), (148747, 1195), (464260, 3268), (466307, 3281), (555300, 3864), (588846, 4091), (593398, 4116), (593672, 4117), (595391, 4131), (640727, 4472), (798281, 5834), (819569, 6033), (834924, 6133), (836086, 6142), (903431, 6662), (1542033, 12325), (1659729, 13186), (1784616, 14232)])
transcendentally|(1, [(1005974, 7531)])
pleasurably|(1, [(313903, 2315)])
extremely|(7, [(6380, 42), (106715, 945), (125554, 1066), (130918, 1098), (160575, 1282), (177359, 1368), (1585443, 12656)])
overboard|(19, [(55266, 500), (220165, 1747), (275949, 2064), (297024, 2191), (297162, 2193), (297790, 2196), (305267, 2261), (310833, 2301), (576747, 3995), (577157, 4000), (592062, 4108), (594002, 4119), (600498, 4170), (891754, 6557), (906536, 6700), (924556, 6862), (1540969, 12318), (1541831, 12324), (1544576, 12352)])
least|(1, [(1760207, 13986)])
too|(1, [(1814132, 14457)])
justly|(14, [(6559, 45), (207505, 1615), (243811, 1878), (311167, 2302), (509540, 3564), (649373, 4566), (663407, 4739), (740788, 5397), (961114, 7171), (977665, 7280), (1103044, 8481), (1170050, 8948), (1756038, 13939), (1926622, 15404)])
thinking–that|(1, [(1643632, 13075)])
usefully|(1, [(847704, 6229)])
nem|(2, [(820572, 6041), (1588820, 12684)])
schemes|(1, [(1742319, 13822)])
mistaken–no|(1, [(669999, 4811)])
snugly|(2, [(121290, 1040), (583849, 4061)])
amazement–my|(1, [(1392757, 11053)])
deep|(3, [(85711, 828), (222941, 1763), (1683552, 13338)])
awkward|(2, [(1341512, 10589), (1656621, 13178)])
peculiarly|(7, [(403607, 2905), (482146, 3378), (1146000, 8783), (1177607, 8993), (1277309, 10003), (1481804, 11776), (1528647, 12226)])
divinely|(1, [(1957005, 15664)])
back|(102, [(2767, 15), (62133, 563), (98769, 900), (108410, 961), (125830, 1068), (196443, 1492), (283215, 2107), (290969, 2155), (309194, 2291), (329341, 2406), (343178, 2500), (363867, 2627), (385088, 2786), (421983, 3014), (422573, 3018), (422689, 3019), (425554, 3033), (429322, 3054), (431051, 3062), (432226, 3069), (442291, 3129), (455682, 3215), (462325, 3259), (476932, 3344), (481826, 3375), (493155, 3463), (504549, 3534), (526788, 3679), (548107, 3810), (555327, 3864), (558753, 3883), (569431, 3947), (595592, 4132), (597622, 4152), (609115, 4214), (611223, 4231), (631768, 4364), (634128, 4388), (644546, 4510), (660202, 4696), (696664, 5127), (698405, 5137), (730859, 5334), (783546, 5693), (798875, 5836), (799358, 5837), (800270, 5841), (801292, 5847), (802742, 5856), (834474, 6128), (857723, 6323), (861240, 6357), (861777, 6362), (899859, 6629), (946611, 7053), (977350, 7278), (983022, 7330), (1005759, 7529), (1026238, 7809), (1031611, 7874), (1047470, 8029), (1048934, 8040), (1054178, 8117), (1055201, 8131), (1056507, 8142), (1066137, 8234), (1075153, 8303), (1111546, 8540), (1156977, 8852), (1200471, 9211), (1217343, 9421), (1221539, 9453), (1272502, 9960), (1281841, 10047), (1302237, 10252), (1305144, 10290), (1311358, 10362), (1312273, 10378), (1322550, 10466), (1377331, 10939), (1395444, 11077), (1436081, 11405), (1490427, 11856), (1496687, 11917), (1535902, 12286), (1545082, 12357), (1619156, 12881), (1619670, 12883), (1702111, 13475), (1746141, 13853), (1773643, 14106), (1793103, 14293), (1841681, 14631), (1844317, 14645), (1850367, 14727), (1850551, 14731), (1852595, 14768), (1855626, 14819), (1857196, 14841), (1861465, 14911), (1877626, 15031), (1947734, 15607)])
unconsciously|(1, [(1567488, 12560)])
unevenly|(1, [(913947, 6781)])
whatever|(13, [(115767, 998), (260160, 1978), (405756, 2915), (409349, 2936), (483938, 3389), (532159, 3721), (625259, 4317), (808687, 5919), (822136, 6054), (996802, 7452), (1292704, 10133), (1451526, 11525), (1942014, 15571)])
driven|(1, [(1460080, 11596)])
briskly|(1, [(1454017, 11544)])
sir|(1, [(1311749, 10369)])
reperuse|(1, [(1166137, 8915)])
frolicsome|(1, [(1067060, 8241)])
graven|(1, [(167805, 1320)])
on–there|(1, [(537994, 3752)])
irregularly|(3, [(1075433, 8305), (1456241, 11567), (1945650, 15592)])
tore|(3, [(724238, 5288), (1108902, 8526), (1142610, 8754)])
hence|(2, [(412195, 2948), (1814069, 14456)])
gently–there|(1, [(1538656, 12303)])
excessively|(46, [(52867, 484), (120778, 1037), (157575, 1262), (181630, 1387), (269003, 2031), (300081, 2221), (327445, 2397), (346173, 2522), (374168, 2708), (397656, 2863), (428569, 3052), (439516, 3112), (569203, 3945), (574244, 3975), (578239, 4011), (597962, 4155), (600892, 4172), (624700, 4314), (692774, 5091), (768228, 5577), (954198, 7107), (999684, 7475), (1011854, 7591), (1021713, 7720), (1154274, 8838), (1244319, 9651), (1259880, 9802), (1274179, 9973), (1309267, 10340), (1332232, 10526), (1358447, 10773), (1395193, 11074), (1471903, 11703), (1528143, 12221), (1531284, 12249), (1588812, 12684), (1589224, 12689), (1620215, 12891), (1647016, 13116), (1657097, 13179), (1677225, 13295), (1700022, 13461), (1751860, 13910), (1767367, 14045), (1778461, 14167), (1843283, 14639)])
musically|(2, [(708730, 5198), (986239, 7353)])
–a|(1, [(670392, 4816)])
tearfully|(1, [(827565, 6097)])
everlastingly|(2, [(1379117, 10951), (1881649, 15069)])
thoughtfully|(5, [(137650, 1134), (425856, 3035), (512738, 3583), (1215480, 9398), (1378753, 10946)])
seldom|(18, [(19835, 128), (171856, 1339), (367220, 2644), (585554, 4070), (747839, 5443), (879518, 6483), (899547, 6627), (953503, 7101), (1011436, 7588), (1094695, 8429), (1317238, 10424), (1409461, 11217), (1410599, 11230), (1591650, 12702), (1592840, 12704), (1769115, 14062), (1859577, 14900), (1918726, 15359)])
about|(1, [(167079, 1317)])
thenceforward|(1, [(1724889, 13660)])
often|(62, [(36568, 361), (63079, 567), (110780, 970), (135901, 1124), (165955, 1312), (169118, 1325), (324549, 2379), (333867, 2444), (399055, 2870), (412551, 2951), (412692, 2952), (415687, 2977), (585641, 4071), (585862, 4072), (587960, 4085), (738740, 5386), (742136, 5404), (846581, 6219), (874809, 6455), (878220, 6476), (880920, 6488), (884477, 6507), (889113, 6540), (903976, 6667), (905974, 6693), (959161, 7150), (972416, 7243), (984837, 7345), (991810, 7397), (993413, 7419), (1004546, 7515), (1105212, 8501), (1171144, 8953), (1243986, 9649), (1247835, 9695), (1277313, 10003), (1321428, 10460), (1328220, 10500), (1349646, 10674), (1358875, 10776), (1467568, 11669), (1476908, 11743), (1492377, 11871), (1519445, 12150), (1523313, 12179), (1543800, 12338), (1574544, 12603), (1588125, 12681), (1589517, 12690), (1591719, 12702), (1598619, 12736), (1609060, 12788), (1736626, 13772), (1746592, 13857), (1765467, 14021), (1803267, 14387), (1811749, 14444), (1837854, 14603), (1844425, 14646), (1891232, 15155), (1922481, 15381), (1925028, 15396)])
reverently|(1, [(984628, 7342)])
laid|(1, [(253377, 1938)])
cadaverously|(2, [(625983, 4322), (719865, 5260)])
morbidly|(1, [(1921639, 15378)])
it–thus|(2, [(676137, 4889), (1406213, 11188)])
superbly|(1, [(1763497, 14006)])
perpetually|(5, [(330333, 2412), (1366953, 10846), (1651582, 13149), (1723440, 13644), (1743432, 13834)])
enchantingly|(1, [(1959500, 15678)])
familiarly|(2, [(1778, 12), (1851470, 14744)])
with|(1, [(59407, 534)])
mustard|(1, [(997818, 7458)])
painfully|(3, [(704522, 5170), (1452832, 11538), (1775598, 14129)])
aghast|(5, [(62134, 563), (731603, 5338), (865003, 6386), (1058705, 8170), (1378669, 10944)])
immensely|(7, [(451681, 3186), (591610, 4106), (705662, 5176), (1345565, 10640), (1379845, 10956), (1384872, 10998), (1788005, 14252)])
soon|(177, [(7617, 52), (16438, 105), (38030, 370), (51510, 473), (53393, 486), (55187, 499), (65486, 584), (73378, 669), (82556, 814), (83908, 820), (87037, 836), (87488, 839), (89565, 853), (98144, 896), (118243, 1018), (121138, 1039), (134623, 1117), (136703, 1129), (152400, 1231), (160990, 1285), (162797, 1295), (165155, 1307), (169874, 1328), (211691, 1681), (223024, 1764), (226325, 1782), (227126, 1786), (229377, 1797), (232326, 1814), (245210, 1885), (259098, 1972), (261131, 1985), (271659, 2046), (283414, 2109), (286074, 2124), (286564, 2126), (292607, 2165), (341350, 2487), (361782, 2616), (362238, 2619), (365193, 2633), (373743, 2704), (375392, 2718), (377692, 2734), (383176, 2770), (384873, 2784), (385478, 2789), (407784, 2924), (416373, 2980), (423087, 3020), (423674, 3024), (424010, 3026), (426015, 3036), (428074, 3047), (435335, 3086), (456055, 3217), (478523, 3353), (480485, 3367), (488034, 3413), (501359, 3513), (513813, 3592), (520505, 3632), (523646, 3655), (530998, 3709), (539926, 3764), (546984, 3803), (570252, 3951), (571268, 3957), (580537, 4036), (584718, 4066), (594341, 4121), (594827, 4125), (602887, 4184), (605456, 4200), (640562, 4471), (644273, 4507), (663079, 4735), (665423, 4762), (695829, 5122), (699471, 5141), (736339, 5370), (752332, 5475), (754395, 5485), (778214, 5660), (786909, 5731), (805558, 5872), (809082, 5923), (810207, 5932), (820639, 6043), (821169, 6046), (832741, 6114), (842780, 6193), (883317, 6502), (888443, 6536), (895473, 6585), (903410, 6662), (943757, 7025), (1010775, 7580), (1060640, 8192), (1118665, 8591), (1119598, 8598), (1133072, 8690), (1134120, 8698), (1143728, 8767), (1144001, 8768), (1150557, 8815), (1151199, 8817), (1186150, 9058), (1209140, 9335), (1209459, 9339), (1231556, 9531), (1261715, 9820), (1265971, 9868), (1268633, 9905), (1275187, 9978), (1276286, 9987), (1276293, 9987), (1283588, 10060), (1298054, 10187), (1299384, 10195), (1305848, 10295), (1321702, 10462), (1339830, 10570), (1359458, 10784), (1390791, 11043), (1396039, 11084), (1428939, 11367), (1434136, 11395), (1435637, 11403), (1438672, 11422), (1453014, 11539), (1457845, 11577), (1460074, 11596), (1471916, 11703), (1478376, 11753), (1531517, 12252), (1546220, 12370), (1560251, 12498), (1564322, 12524), (1564722, 12528), (1585138, 12654), (1596651, 12728), (1617040, 12869), (1643396, 13074), (1651243, 13145), (1657092, 13179), (1660142, 13187), (1662005, 13195), (1674047, 13283), (1674765, 13288), (1691196, 13402), (1703897, 13483), (1704740, 13486), (1705178, 13492), (1746220, 13854), (1749810, 13886), (1750029, 13888), (1750708, 13897), (1753001, 13918), (1765039, 14018), (1766148, 14026), (1777413, 14151), (1799590, 14355), (1799602, 14355), (1819693, 14500), (1848727, 14692), (1856128, 14830), (1885352, 15105), (1900103, 15256), (1902959, 15271), (1904264, 15276), (1905426, 15284), (1905565, 15285), (1909794, 15313), (1916606, 15345), (1936877, 15523), (1941254, 15567)])
impetuously|(6, [(445984, 3148), (452508, 3194), (1417361, 11275), (1460800, 11606), (1484307, 11792), (1741194, 13813)])
proudly|(1, [(826402, 6085)])
meanwhile|(2, [(185763, 1409), (928658, 6896)])
densely|(4, [(834544, 6129), (1079716, 8335), (1274753, 9976), (1877979, 15034)])
secluded–particularly|(1, [(1143177, 8760)])
clandestinely|(2, [(1327285, 10494), (1834806, 14589)])
of–hellish–utterly|(1, [(249077, 1907)])
–she|(1, [(1676094, 13292)])
efficiently|(1, [(1900125, 15256)])
ugly|(3, [(538004, 3752), (1550939, 12413), (1656596, 13178)])
plausibly|(1, [(1699177, 13455)])
nelly|(1, [(332668, 2434)])
westwardly|(4, [(343886, 2505), (633130, 4378), (1078455, 8326), (1364646, 10830)])
subsequently|(5, [(865639, 6391), (1131004, 8676), (1315371, 10411), (1883680, 15091), (1919208, 15361)])
–early|(1, [(370880, 2680)])
markedly|(2, [(1337043, 10553), (1790967, 14277)])
outward|(2, [(251094, 1921), (1730314, 13720)])
unceremoniously|(1, [(1363472, 10823)])
droop|(1, [(1728659, 13696)])
completely|(48, [(52481, 481), (80892, 807), (218758, 1737), (220989, 1753), (223711, 1768), (231528, 1810), (237128, 1842), (265584, 2011), (267758, 2024), (303265, 2245), (308844, 2289), (331066, 2418), (367424, 2648), (389168, 2812), (420396, 3006), (421012, 3009), (439888, 3115), (443927, 3137), (505908, 3544), (520300, 3630), (545717, 3794), (562715, 3909), (564930, 3919), (589338, 4094), (591766, 4107), (609928, 4221), (680604, 4923), (695830, 5122), (729153, 5309), (890705, 6549), (899317, 6626), (917600, 6816), (932632, 6924), (957205, 7134), (1025539, 7797), (1050798, 8069), (1116191, 8574), (1128242, 8648), (1435438, 11402), (1488470, 11838), (1562246, 12514), (1648493, 13132), (1654882, 13171), (1663675, 13210), (1712072, 13556), (1715887, 13580), (1786966, 14247), (1792830, 14292)])
simultaneously|(5, [(81701, 810), (1714274, 13572), (1735796, 13767), (1735909, 13768), (1754254, 13927)])
decently|(1, [(811318, 5938)])
disastrously|(1, [(762679, 5537)])
useless|(1, [(1444243, 11478)])
tumultuously|(2, [(793367, 5789), (1050409, 8064)])
closer|(2, [(643439, 4497), (1071026, 8276)])
unnaturally|(1, [(2417, 14)])
fixedly|(4, [(729296, 5311), (740099, 5393), (1064384, 8220), (1590045, 12693)])
prospectively|(1, [(1916896, 15346)])
impressively|(2, [(1590070, 12693), (1599882, 12741)])
ghastly|(26, [(23518, 187), (118870, 1023), (170511, 1333), (173944, 1351), (451360, 3183), (632394, 4369), (633640, 4383), (633845, 4385), (698760, 5138), (706001, 5178), (711096, 5210), (717268, 5243), (735959, 5368), (827506, 6097), (909031, 6724), (939188, 6977), (1052238, 8082), (1056163, 8139), (1059946, 8184), (1067820, 8245), (1074836, 8302), (1475141, 11731), (1485656, 11803), (1590678, 12698), (1740898, 13812), (1740905, 13812)])
pallidly|(1, [(493268, 3464)])
flickeringly|(1, [(989866, 7379)])
surprise|(1, [(570968, 3956)])
despondently|(1, [(237138, 1842)])
nier|(1, [(866806, 6402)])
brilliantly|(7, [(125172, 1062), (248267, 1903), (682314, 4942), (833488, 6118), (1693412, 13418), (1959127, 15676), (1966510, 15721)])
downwardly|(1, [(1835431, 14592)])
indisputably|(1, [(17032, 107)])
formerly|(13, [(9546, 72), (162921, 1296), (344804, 2512), (349289, 2543), (392068, 2829), (501551, 3514), (552134, 3839), (658746, 4669), (885395, 6513), (897703, 6608), (1828999, 14544), (1862575, 14921), (1865095, 14942)])
utterly|(44, [(39903, 387), (43055, 416), (80896, 807), (96512, 891), (115207, 995), (124643, 1060), (193532, 1456), (222727, 1762), (230330, 1804), (253001, 1933), (262876, 1997), (267046, 2019), (393663, 2839), (446947, 3152), (464898, 3273), (468823, 3296), (492741, 3459), (502312, 3518), (503344, 3526), (554131, 3855), (682224, 4941), (717278, 5243), (736824, 5373), (771926, 5611), (773340, 5620), (784199, 5710), (790828, 5767), (827630, 6097), (835933, 6141), (934939, 6943), (970022, 7232), (974980, 7265), (992537, 7407), (1037634, 7927), (1097949, 8448), (1150622, 8815), (1180329, 9016), (1294491, 10156), (1357577, 10759), (1374469, 10891), (1393972, 11063), (1553663, 12442), (1756155, 13940), (1946518, 15596)])
enough|(50, [(35704, 353), (165933, 1312), (259225, 1973), (313886, 2315), (337853, 2466), (407147, 2922), (421972, 3014), (443786, 3136), (453419, 3202), (483945, 3389), (546343, 3798), (645071, 4514), (655602, 4620), (794878, 5817), (796636, 5827), (797308, 5830), (799375, 5837), (805865, 5874), (885797, 6516), (892797, 6567), (906802, 6702), (907511, 6708), (999845, 7477), (1008873, 7557), (1014787, 7623), (1074863, 8302), (1133073, 8690), (1150558, 8815), (1151200, 8817), (1206742, 9295), (1548881, 12396), (1553900, 12448), (1558776, 12487), (1570469, 12582), (1609623, 12798), (1632860, 12994), (1724013, 13651), (1730919, 13723), (1733445, 13740), (1733830, 13743), (1749062, 13879), (1763629, 14009), (1801472, 14373), (1843440, 14640), (1850611, 14732), (1867659, 14962), (1871221, 14987), (1899581, 15252), (1931922, 15456), (1964998, 15713)])
next|(1, [(817330, 6015)])
obtrusively|(1, [(1332260, 10526)])
numb|(1, [(1484358, 11793)])
awoke|(1, [(263632, 2001)])
empty|(1, [(1500107, 11956)])
prematurely|(1, [(980140, 7306)])
unquestionably|(9, [(683062, 4963), (960874, 7169), (982416, 7325), (1350559, 10685), (1358261, 10772), (1411345, 11233), (1444092, 11477), (1837726, 14602), (1911581, 15320)])
sensibly|(5, [(153155, 1237), (263156, 1998), (271041, 2042), (1305319, 10291), (1542148, 12326)])
–spoke|(1, [(1886358, 15113)])
promptly|(4, [(1127982, 8644), (1209282, 9336), (1278258, 10010), (1608474, 12782)])
confidently|(5, [(108198, 960), (534047, 3732), (1128459, 8650), (1597141, 12730), (1923143, 15384)])
uneven|(1, [(1451376, 11524)])
naturally|(29, [(170926, 1334), (283904, 2114), (827750, 6097), (853815, 6276), (862358, 6367), (948488, 7064), (1107665, 8520), (1108088, 8521), (1113094, 8551), (1116932, 8579), (1116945, 8579), (1151390, 8818), (1246120, 9666), (1252336, 9752), (1381252, 10965), (1390142, 11038), (1461474, 11613), (1487496, 11831), (1497446, 11928), (1547232, 12382), (1548880, 12396), (1570009, 12578), (1572822, 12597), (1636731, 13017), (1730918, 13723), (1782113, 14215), (1788652, 14258), (1791084, 14278), (1939314, 15553)])
absurd|(2, [(1749331, 13881), (1859811, 14901)])
freshly|(2, [(595294, 4129), (1467117, 11667)])
unnecessarily|(3, [(857943, 6326), (1407551, 11198), (1850727, 14734)])
fore|(3, [(51187, 471), (1262961, 9830), (1263513, 9837)])
admirably|(3, [(683615, 4968), (740349, 5394), (1443435, 11471)])
frantically|(5, [(1041264, 7960), (1136872, 8716), (1219496, 9438), (1501149, 11964), (1544855, 12355)])
furtively|(1, [(1392771, 11053)])
hilly|(1, [(330255, 2411)])
sooner|(5, [(606374, 4204), (700648, 5151), (1282499, 10050), (1418923, 11289), (1537308, 12295)])
concretely|(1, [(1688263, 13377)])
hurriedly|(12, [(54805, 495), (464036, 3267), (630867, 4358), (750470, 5459), (831782, 6108), (1038986, 7939), (1063993, 8216), (1071914, 8278), (1223111, 9472), (1454783, 11557), (1504686, 11992), (1899451, 15251)])
surprisingly|(1, [(1396922, 11092)])
de|(3, [(1210497, 9363), (1210935, 9371), (1553296, 12440)])
assume|(2, [(625563, 4319), (771935, 5611)])
stupidly|(1, [(1855166, 14813)])
pertinaciously|(6, [(416877, 2983), (764844, 5558), (840927, 6179), (983578, 7335), (1107263, 8518), (1769542, 14063)])
accordingly|(28, [(91587, 863), (96173, 890), (159271, 1272), (198328, 1500), (239312, 1855), (256801, 1956), (354060, 2566), (389129, 2812), (395500, 2850), (410154, 2939), (422683, 3019), (591262, 4104), (602199, 4179), (642604, 4488), (663587, 4741), (665943, 4769), (674364, 4868), (684529, 4977), (708047, 5191), (1163800, 8893), (1253654, 9759), (1563103, 12518), (1578097, 12623), (1582158, 12644), (1671152, 13265), (1697664, 13443), (1706843, 13505), (1900361, 15257)])
habitually|(6, [(717408, 5244), (738402, 5384), (753217, 5480), (765943, 5565), (1282014, 10048), (1420001, 11296)])
overheard|(1, [(208417, 1624)])
westward|(1, [(1360803, 10798)])
adequately|(3, [(424382, 3027), (769834, 5596), (1412345, 11241)])
so|(39, [(34991, 348), (71949, 629), (74597, 703), (96131, 890), (209324, 1636), (221971, 1758), (378070, 2735), (474260, 3329), (475478, 3336), (482133, 3378), (522280, 3643), (793806, 5795), (859054, 6340), (876989, 6468), (886221, 6520), (990648, 7388), (1008979, 7558), (1057323, 8151), (1061682, 8200), (1183626, 9040), (1195463, 9127), (1202570, 9232), (1342943, 10606), (1350290, 10683), (1365453, 10835), (1413844, 11251), (1425224, 11347), (1471331, 11700), (1471795, 11702), (1494936, 11898), (1574923, 12604), (1647930, 13125), (1863632, 14930), (1886928, 15118), (1906464, 15288), (1928086, 15411), (1938160, 15529), (1938497, 15534), (1954020, 15644)])
needless|(1, [(1506206, 11997)])
incredulously|(1, [(1362933, 10821)])
regularly|(1, [(460042, 3241)])
'after|(1, [(1668043, 13238)])
then–and|(1, [(1643096, 13072)])
enormously|(4, [(130886, 1097), (298310, 2200), (532052, 3720), (1275225, 9978)])
augustus|(3, [(300265, 2224), (398470, 2867), (590282, 4099)])
good-humoredly|(1, [(1342857, 10605)])
belly|(1, [(1678820, 13306)])
generally|(41, [(68193, 601), (84085, 821), (105599, 940), (199315, 1506), (199666, 1509), (254443, 1944), (267775, 2024), (367130, 2643), (414457, 2969), (427179, 3043), (481581, 3374), (552770, 3844), (588054, 4086), (653986, 4606), (785697, 5721), (832255, 6112), (872456, 6440), (876505, 6464), (960114, 7163), (1017728, 7684), (1103251, 8485), (1119582, 8598), (1135054, 8705), (1156307, 8849), (1183518, 9039), (1323600, 10473), (1332000, 10525), (1354063, 10725), (1450818, 11518), (1522834, 12175), (1712955, 13564), (1757772, 13960), (1777895, 14159), (1790656, 14276), (1791960, 14287), (1792379, 14290), (1837904, 14603), (1883620, 15090), (1915771, 15343), (1960116, 15681), (1966124, 15718)])
chatty|(1, [(1530233, 12241)])
previously|(21, [(80124, 804), (371728, 2686), (506973, 3551), (513620, 3590), (706666, 5182), (711948, 5215), (713946, 5224), (767715, 5574), (789970, 5756), (792642, 5782), (860574, 6353), (906419, 6699), (1047502, 8029), (1337307, 10554), (1391516, 11047), (1483397, 11786), (1576684, 12615), (1635917, 13012), (1715469, 13578), (1751569, 13906), (1792828, 14292)])
alone|(81, [(26442, 244), (54933, 496), (58433, 522), (59918, 537), (73557, 670), (164059, 1302), (173661, 1349), (188181, 1422), (199031, 1503), (217361, 1729), (224338, 1771), (226392, 1783), (261272, 1986), (275741, 2063), (377421, 2732), (431523, 3064), (452227, 3190), (547436, 3806), (566005, 3925), (571481, 3958), (571870, 3960), (625568, 4319), (671351, 4828), (696838, 5130), (699847, 5144), (704123, 5166), (715028, 5229), (725242, 5290), (731769, 5340), (740935, 5398), (779069, 5664), (782074, 5678), (784613, 5714), (793721, 5793), (799321, 5837), (827494, 6097), (840485, 6174), (939908, 6980), (964461, 7193), (972462, 7243), (975494, 7267), (977313, 7278), (977344, 7278), (981118, 7314), (984268, 7341), (986227, 7353), (991874, 7397), (1084039, 8362), (1084463, 8366), (1085219, 8372), (1133735, 8694), (1153774, 8835), (1156986, 8852), (1161087, 8875), (1161558, 8879), (1168086, 8936), (1228634, 9508), (1257976, 9789), (1266917, 9878), (1287746, 10089), (1295970, 10169), (1315843, 10415), (1333147, 10532), (1337050, 10553), (1340226, 10576), (1346695, 10651), (1417357, 11275), (1418601, 11288), (1468999, 11681), (1493971, 11889), (1530980, 12248), (1551581, 12421), (1571753, 12591), (1708242, 13521), (1717988, 13593), (1727920, 13679), (1736636, 13772), (1809361, 14423), (1860301, 14903), (1872932, 14998), (1948417, 15610)])
irresistibly|(2, [(1032342, 7880), (1238148, 9597)])
golly|(2, [(1216651, 9411), (1592860, 12704)])
immoderately|(1, [(482152, 3378)])
alternately|(7, [(287568, 2134), (509172, 3563), (617457, 4270), (736765, 5372), (1043694, 7986), (1063104, 8208), (1948650, 15612)])
hardly|(35, [(38176, 371), (81350, 809), (120409, 1035), (125988, 1069), (143567, 1167), (163790, 1300), (216978, 1725), (222473, 1760), (230027, 1802), (237855, 1846), (238510, 1850), (244605, 1882), (317125, 2338), (322675, 2368), (326104, 2387), (346026, 2521), (388853, 2811), (425283, 3031), (426466, 3039), (437158, 3098), (456265, 3218), (532057, 3720), (537070, 3746), (539190, 3759), (573908, 3973), (627357, 4332), (753168, 5480), (1002055, 7495), (1220122, 9442), (1270477, 9929), (1285852, 10077), (1313478, 10394), (1434870, 11399), (1461163, 11610), (1625519, 12939)])
awkwardly|(2, [(744728, 5415), (854880, 6289)])
entirely|(104, [(80894, 807), (91457, 862), (99455, 904), (113831, 987), (120441, 1035), (126903, 1075), (153731, 1239), (202442, 1541), (221424, 1755), (223040, 1764), (223695, 1768), (231747, 1811), (253378, 1938), (254195, 1943), (271663, 2046), (283933, 2114), (287120, 2130), (294724, 2179), (306824, 2275), (311146, 2302), (323098, 2371), (362723, 2621), (363880, 2627), (379174, 2744), (402426, 2895), (419277, 2997), (423129, 3020), (431660, 3066), (437772, 3101), (449673, 3172), (453886, 3205), (454171, 3206), (455574, 3214), (458594, 3232), (471586, 3312), (489790, 3428), (495032, 3477), (502706, 3521), (507704, 3555), (517872, 3615), (519888, 3628), (532281, 3722), (534008, 3732), (555170, 3863), (558604, 3882), (566791, 3931), (572230, 3962), (573486, 3970), (575587, 3986), (598195, 4157), (615077, 4254), (664533, 4755), (682308, 4942), (715125, 5230), (756505, 5498), (766611, 5567), (768618, 5579), (776163, 5647), (784426, 5713), (806316, 5876), (822393, 6056), (885984, 6518), (887925, 6532), (893334, 6571), (916774, 6809), (921079, 6838), (934968, 6943), (942497, 7012), (977838, 7283), (1026232, 7809), (1050780, 8069), (1107141, 8517), (1129621, 8664), (1295442, 10165), (1303775, 10270), (1336273, 10547), (1352147, 10700), (1359473, 10784), (1381406, 10966), (1393718, 11062), (1418170, 11285), (1441575, 11449), (1447364, 11495), (1462646, 11619), (1470830, 11695), (1471332, 11700), (1473894, 11722), (1532744, 12261), (1566183, 12544), (1583424, 12648), (1612935, 12831), (1655113, 13172), (1666799, 13228), (1678818, 13306), (1679576, 13311), (1701721, 13474), (1701729, 13474), (1782665, 14218), (1785167, 14235), (1785829, 14239), (1788583, 14258), (1819708, 14500), (1888397, 15133), (1944729, 15588)])
remain|(1, [(1928087, 15411)])
inexpressibly|(4, [(95527, 885), (643183, 4493), (1041870, 7966), (1269529, 9917)])
fitfully|(2, [(608592, 4213), (718510, 5252)])
unfrequently|(8, [(587816, 4084), (706644, 5182), (849132, 6237), (926796, 6880), (927011, 6881), (1110842, 8535), (1811610, 14443), (1826730, 14535)])
strikingly|(1, [(1418631, 11288)])
involve|(1, [(1318310, 10430)])
obtuse|(1, [(916560, 6807)])
lazily|(2, [(251553, 1924), (1564758, 12528)])
mostly|(1, [(1176069, 8981)])
suspiciously|(2, [(147631, 1190), (716545, 5237)])
unpleasantly|(1, [(1940974, 15564)])
experimentally|(1, [(1917455, 15352)])
frowningly|(1, [(371872, 2688)])
shrill|(1, [(125838, 1068)])
deeply|(11, [(427849, 3046), (642912, 4491), (743594, 5410), (755857, 5495), (902346, 6654), (930510, 6912), (1081346, 8345), (1190771, 9092), (1372062, 10875), (1413726, 11250), (1845276, 14652)])
dizzily|(4, [(48792, 452), (54539, 494), (856407, 6306), (938844, 6973)])
tardily|(1, [(983574, 7335)])
half|(2, [(1069358, 8256), (1344013, 10630)])
allegorically|(1, [(1765900, 14024)])
powerfully|(1, [(848187, 6231)])
hesitatingly|(1, [(834734, 6131)])
recklessly|(1, [(748283, 5446)])
oppressively|(2, [(303816, 2250), (696829, 5130)])
awe|(1, [(792229, 5778)])
thrill|(1, [(1037119, 7925)])
inadvertently|(1, [(1114335, 8559)])
oblong|(3, [(99708, 907), (1233438, 9551), (1527320, 12216)])
blind|(2, [(1862379, 14920), (1886586, 15116)])
accomplished–of|(1, [(1393705, 11062)])
mutteringly|(2, [(1469873, 11688), (1508601, 12038)])
to-day|(1, [(1022895, 7729)])
west|(2, [(1026669, 7814), (1026686, 7814)])
lively|(3, [(125456, 1065), (364482, 2630), (1463127, 11623)])
stealthily|(4, [(1037581, 7927), (1202580, 9232), (1202582, 9232), (1341096, 10584)])
northward|(1, [(365050, 2632)])
obliquely|(1, [(105594, 940)])
incomparably|(2, [(1649804, 13141), (1759899, 13983)])
anon|(3, [(204640, 1558), (636984, 4428), (1079549, 8333)])
internally|(3, [(161578, 1289), (1316005, 10416), (1673441, 13279)])
thirdly|(2, [(1787699, 14251), (1839388, 14614)])
finally|(82, [(52519, 481), (82864, 816), (92118, 866), (100716, 913), (111257, 973), (120240, 1034), (143605, 1167), (149417, 1199), (153166, 1237), (164766, 1305), (194405, 1480), (198348, 1500), (207706, 1617), (241455, 1866), (259596, 1975), (271507, 2045), (274008, 2059), (292142, 2163), (318497, 2345), (348868, 2541), (379717, 2747), (388870, 2811), (441089, 3123), (461863, 3256), (466590, 3283), (503023, 3522), (513517, 3589), (521602, 3638), (527887, 3685), (537878, 3751), (549854, 3820), (558116, 3880), (571251, 3957), (657116, 4642), (703015, 5162), (756343, 5497), (787009, 5732), (818279, 6023), (826508, 6086), (990026, 7381), (1014276, 7615), (1064885, 8224), (1080605, 8340), (1095567, 8433), (1185930, 9057), (1206182, 9290), (1222761, 9470), (1289799, 10106), (1298383, 10191), (1309522, 10343), (1316688, 10421), (1329761, 10512), (1362970, 10821), (1366451, 10843), (1386918, 11017), (1394698, 11068), (1407749, 11199), (1461911, 11615), (1486126, 11807), (1502300, 11976), (1503932, 11987), (1505358, 11996), (1542670, 12329), (1545875, 12365), (1556711, 12475), (1561194, 12504), (1594258, 12712), (1601824, 12748), (1632743, 12993), (1652876, 13161), (1659746, 13186), (1684769, 13341), (1796204, 14318), (1798248, 14336), (1827220, 14536), (1866340, 14951), (1872534, 14996), (1883427, 15088), (1888925, 15138), (1925893, 15400), (1927196, 15407), (1965532, 15716)])
vividly|(6, [(731925, 5341), (746054, 5424), (1075941, 8309), (1474683, 11728), (1740929, 13812), (1795935, 14316)])
–had|(1, [(24821, 216)])
pale–then|(1, [(1533856, 12271)])
triumph|(1, [(1690551, 13392)])
hitherto|(2, [(311810, 2304), (1389435, 11030)])
board–were|(1, [(608165, 4212)])
overcome|(1, [(554329, 3856)])
all–merely|(1, [(1600871, 12744)])
northwardly|(3, [(155405, 1247), (498800, 3495), (499628, 3500)])
sullenly|(3, [(17694, 110), (732218, 5342), (967139, 7214)])
valueless|(1, [(1225388, 9485)])
evenly|(1, [(1129624, 8664)])
soundly|(8, [(149909, 1203), (455699, 3215), (571978, 3961), (1124659, 8627), (1291878, 10122), (1497430, 11928), (1506599, 12000), (1548998, 12397)])
undeservedly|(1, [(1833399, 14578)])
also|(158, [(5716, 38), (12820, 91), (24155, 197), (49864, 460), (69490, 608), (85924, 829), (88611, 847), (90357, 857), (103312, 929), (105475, 939), (119492, 1029), (122195, 1045), (134784, 1119), (145588, 1178), (152024, 1225), (155911, 1251), (162305, 1292), (208840, 1628), (227132, 1786), (232343, 1814), (232978, 1818), (253820, 1941), (281288, 2094), (281294, 2094), (297917, 2197), (315473, 2325), (332069, 2429), (343773, 2504), (344317, 2508), (344754, 2511), (348141, 2536), (350909, 2552), (357277, 2586), (361488, 2614), (362669, 2620), (363854, 2627), (371354, 2684), (374037, 2707), (379997, 2750), (380647, 2755), (390996, 2824), (392965, 2835), (400049, 2877), (400697, 2883), (402575, 2896), (408861, 2932), (423116, 3020), (426747, 3041), (429377, 3054), (432603, 3070), (438023, 3102), (456540, 3220), (461690, 3255), (462515, 3260), (465880, 3279), (471609, 3312), (472714, 3319), (473889, 3327), (483778, 3388), (489111, 3419), (500171, 3506), (500300, 3507), (511881, 3578), (531410, 3712), (548437, 3812), (552782, 3844), (557098, 3872), (577149, 4000), (628077, 4337), (641932, 4482), (647220, 4541), (652501, 4593), (669737, 4809), (681280, 4933), (681957, 4939), (715779, 5232), (738671, 5386), (744755, 5415), (764928, 5559), (771409, 5606), (888341, 6535), (891253, 6554), (916782, 6809), (918382, 6820), (942383, 7011), (946766, 7054), (952906, 7094), (955898, 7120), (986722, 7357), (1018536, 7691), (1039417, 7944), (1039792, 7947), (1042416, 7972), (1056053, 8138), (1071011, 8276), (1076029, 8310), (1106365, 8510), (1124959, 8628), (1129046, 8658), (1134112, 8698), (1141732, 8744), (1144315, 8771), (1155855, 8846), (1170354, 8949), (1175105, 8976), (1226932, 9497), (1231065, 9526), (1233363, 9550), (1252982, 9757), (1256616, 9782), (1284295, 10065), (1328414, 10502), (1330055, 10513), (1338065, 10556), (1345128, 10635), (1346365, 10648), (1357410, 10758), (1370824, 10868), (1382213, 10971), (1385711, 11006), (1397206, 11097), (1405774, 11185), (1423344, 11326), (1426356, 11351), (1428577, 11364), (1445350, 11485), (1446545, 11491), (1447251, 11494), (1466210, 11659), (1490523, 11857), (1494842, 11897), (1520851, 12162), (1546300, 12371), (1581636, 12642), (1594080, 12710), (1595621, 12722), (1607316, 12774), (1610813, 12812), (1627795, 12959), (1636488, 13016), (1647931, 13125), (1653902, 13165), (1670422, 13260), (1681816, 13329), (1685117, 13346), (1691731, 13405), (1739216, 13797), (1782804, 14219), (1790629, 14276), (1808029, 14415), (1883618, 15090), (1894212, 15193), (1898342, 15240), (1900487, 15259), (1947423, 15604), (1947631, 15606), (1948828, 15613), (1958077, 15670)])
infrequently|(1, [(1693929, 13421)])
obstinately|(4, [(479820, 3362), (491254, 3442), (1386385, 11014), (1581578, 12641)])
well|(400, [(551, 6), (6908, 47), (11888, 86), (13250, 92), (28453, 279), (41438, 404), (50373, 464), (53122, 485), (57323, 513), (74004, 685), (99443, 904), (100946, 915), (120620, 1036), (162070, 1291), (162314, 1292), (172767, 1342), (174579, 1354), (178350, 1372), (193106, 1455), (200696, 1517), (209407, 1637), (209444, 1638), (211006, 1663), (211185, 1673), (211607, 1678), (212543, 1700), (214143, 1710), (214435, 1714), (218026, 1733), (219558, 1743), (236944, 1841), (243815, 1878), (255425, 1948), (263149, 1998), (268492, 2027), (270206, 2039), (273932, 2059), (293946, 2174), (294313, 2175), (297151, 2193), (299387, 2212), (306107, 2270), (306320, 2272), (308291, 2287), (314209, 2317), (320352, 2356), (320832, 2359), (325677, 2385), (329539, 2407), (340299, 2482), (342501, 2495), (347129, 2529), (354492, 2569), (360971, 2609), (370374, 2675), (374936, 2714), (382451, 2766), (382799, 2768), (383010, 2769), (386997, 2798), (389937, 2817), (401796, 2891), (402830, 2898), (413917, 2962), (417605, 2986), (420797, 3008), (429708, 3055), (439686, 3113), (462853, 3262), (464923, 3273), (469677, 3300), (478535, 3353), (481237, 3372), (482728, 3382), (488508, 3415), (488523, 3415), (488703, 3416), (493838, 3470), (497064, 3488), (498041, 3493), (502324, 3518), (506785, 3550), (526476, 3677), (532141, 3721), (537280, 3747), (543558, 3783), (547219, 3805), (547683, 3807), (552493, 3842), (552784, 3844), (556667, 3871), (558742, 3883), (560892, 3901), (566011, 3925), (566181, 3926), (567248, 3933), (582115, 4047), (586433, 4074), (587966, 4085), (588839, 4091), (589002, 4092), (589711, 4097), (595056, 4127), (600763, 4171), (601503, 4176), (602622, 4182), (603136, 4186), (610565, 4225), (621731, 4294), (637553, 4429), (641108, 4476), (643378, 4496), (644041, 4504), (646236, 4531), (653127, 4596), (655718, 4621), (656003, 4626), (658671, 4668), (658932, 4671), (658948, 4672), (662700, 4731), (673367, 4859), (673800, 4864), (688662, 5032), (688813, 5036), (693049, 5093), (705820, 5177), (706631, 5182), (708890, 5199), (709667, 5207), (712084, 5216), (722334, 5277), (723728, 5286), (784997, 5716), (786666, 5729), (802443, 5854), (805726, 5873), (809484, 5928), (814280, 5986), (814894, 5989), (815326, 5994), (815955, 6000), (816836, 6009), (817249, 6014), (817349, 6015), (820012, 6038), (823258, 6061), (823498, 6062), (825275, 6075), (825627, 6077), (826751, 6091), (827742, 6097), (835276, 6136), (842169, 6188), (857161, 6312), (858366, 6332), (860768, 6354), (865895, 6393), (872463, 6440), (876482, 6464), (881547, 6492), (889287, 6541), (892796, 6567), (893848, 6573), (894171, 6575), (896253, 6593), (897131, 6603), (905012, 6678), (916364, 6804), (925933, 6875), (928666, 6896), (948185, 7063), (950077, 7074), (955528, 7116), (960254, 7164), (981828, 7319), (999844, 7477), (1002666, 7501), (1002681, 7501), (1015154, 7631), (1015328, 7635), (1016255, 7664), (1016627, 7673), (1020645, 7709), (1022854, 7728), (1044165, 7993), (1058379, 8166), (1060222, 8186), (1068332, 8247), (1080820, 8341), (1086562, 8377), (1089181, 8395), (1092925, 8412), (1112535, 8548), (1116344, 8575), (1126601, 8636), (1129053, 8658), (1139325, 8730), (1144015, 8768), (1148142, 8798), (1149352, 8806), (1170059, 8948), (1172681, 8963), (1173232, 8967), (1175894, 8980), (1178207, 8998), (1184431, 9045), (1185021, 9050), (1194845, 9124), (1197640, 9156), (1201940, 9224), (1202123, 9226), (1203301, 9237), (1204638, 9267), (1206566, 9294), (1207676, 9312), (1209090, 9333), (1209546, 9342), (1209739, 9346), (1209951, 9351), (1210230, 9353), (1211141, 9375), (1213225, 9387), (1217674, 9425), (1220322, 9443), (1228729, 9509), (1231473, 9530), (1233142, 9548), (1235935, 9574), (1237512, 9588), (1238952, 9603), (1240203, 9612), (1240534, 9615), (1242753, 9640), (1246715, 9671), (1248585, 9701), (1249192, 9706), (1249952, 9717), (1250408, 9726), (1254195, 9763), (1258364, 9793), (1261817, 9821), (1263244, 9835), (1265618, 9863), (1266605, 9875), (1271563, 9942), (1271662, 9943), (1289808, 10106), (1290009, 10108), (1293807, 10149), (1293956, 10151), (1302937, 10260), (1304777, 10283), (1304893, 10285), (1306607, 10305), (1307702, 10321), (1309161, 10339), (1315075, 10408), (1321437, 10460), (1325046, 10478), (1325093, 10479), (1330666, 10516), (1330804, 10518), (1337837, 10555), (1341566, 10590), (1341888, 10593), (1343094, 10607), (1344243, 10631), (1344869, 10633), (1345538, 10640), (1345780, 10644), (1346207, 10646), (1347849, 10660), (1355101, 10734), (1355596, 10738), (1358426, 10773), (1359788, 10787), (1362688, 10817), (1365805, 10840), (1379498, 10954), (1381891, 10968), (1389325, 11029), (1389438, 11030), (1396226, 11086), (1397209, 11097), (1403224, 11168), (1405762, 11185), (1409267, 11215), (1411649, 11236), (1412020, 11238), (1425225, 11347), (1425559, 11348), (1438383, 11420), (1439347, 11427), (1444359, 11480), (1449151, 11508), (1476094, 11738), (1476385, 11740), (1480779, 11773), (1482300, 11779), (1487879, 11832), (1503314, 11983), (1516453, 12112), (1518386, 12144), (1519209, 12149), (1522828, 12175), (1528449, 12223), (1535549, 12285), (1535845, 12286), (1541097, 12319), (1543663, 12336), (1546812, 12378), (1547813, 12388), (1548279, 12391), (1550119, 12407), (1554181, 12455), (1596068, 12724), (1597543, 12733), (1598789, 12737), (1604977, 12761), (1614797, 12852), (1617154, 12870), (1621040, 12898), (1621923, 12907), (1623325, 12920), (1625990, 12943), (1627592, 12957), (1629649, 12970), (1635135, 13007), (1640031, 13051), (1642798, 13071), (1652254, 13158), (1659035, 13185), (1660669, 13189), (1676118, 13292), (1683543, 13338), (1684323, 13340), (1698207, 13449), (1701367, 13473), (1702722, 13477), (1706391, 13503), (1707140, 13509), (1716719, 13584), (1716729, 13584), (1718871, 13597), (1722296, 13622), (1722630, 13625), (1724644, 13658), (1725057, 13661), (1733651, 13742), (1734536, 13751), (1734539, 13751), (1735793, 13767), (1735905, 13768), (1735938, 13768), (1743040, 13830), (1747818, 13867), (1748902, 13878), (1751098, 13902), (1751213, 13903), (1751392, 13905), (1755378, 13934), (1761743, 13997), (1765047, 14018), (1783894, 14228), (1794198, 14300), (1795092, 14308), (1795773, 14315), (1800283, 14361), (1804133, 14391), (1807349, 14408), (1810000, 14429), (1814762, 14461), (1819726, 14500), (1830205, 14553), (1833993, 14581), (1846861, 14660), (1851992, 14755), (1859569, 14900), (1863912, 14934), (1864160, 14936), (1878604, 15036), (1880864, 15058), (1888375, 15133), (1888899, 15138), (1890630, 15150), (1890821, 15152), (1891741, 15161), (1897686, 15232), (1911355, 15319), (1914408, 15337), (1918252, 15355), (1924927, 15395), (1925019, 15396), (1925032, 15396), (1926349, 15403), (1930371, 15434), (1931198, 15448), (1946514, 15596), (1960344, 15683)])
beseechingly|(1, [(827530, 6097)])
fondez|(1, [(676277, 4891)])
profound|(1, [(925656, 6871)])
mainly|(5, [(58246, 521), (720731, 5269), (961562, 7173), (1039472, 7945), (1954881, 15650)])
less|(86, [(15642, 101), (15645, 101), (16031, 103), (33325, 340), (33330, 340), (37011, 363), (87314, 838), (149407, 1199), (154187, 1242), (156129, 1252), (159872, 1276), (164298, 1303), (192230, 1443), (197767, 1499), (205699, 1577), (225599, 1778), (226167, 1781), (236202, 1838), (261954, 1990), (267730, 2024), (267738, 2024), (275175, 2062), (331707, 2425), (381144, 2758), (433336, 3074), (445309, 3144), (522926, 3648), (524902, 3668), (570967, 3956), (611235, 4231), (620365, 4286), (716812, 5238), (742413, 5406), (756953, 5502), (757184, 5503), (775916, 5645), (779418, 5665), (846014, 6216), (888891, 6539), (916302, 6803), (924764, 6863), (924840, 6864), (986927, 7358), (1061837, 8201), (1090216, 8401), (1094430, 8426), (1111554, 8540), (1111557, 8540), (1124658, 8627), (1169239, 8943), (1279080, 10019), (1279191, 10020), (1281658, 10046), (1305839, 10295), (1322068, 10464), (1331192, 10520), (1346306, 10647), (1361557, 10801), (1372057, 10875), (1402827, 11164), (1404236, 11175), (1420491, 11304), (1420495, 11304), (1424010, 11336), (1424014, 11336), (1426934, 11354), (1435649, 11403), (1474673, 11728), (1489569, 11848), (1498939, 11943), (1562036, 12512), (1610520, 12806), (1635112, 13007), (1691371, 13403), (1743334, 13833), (1779302, 14178), (1802234, 14381), (1853821, 14801), (1909401, 15311), (1913915, 15334), (1944497, 15587), (1960759, 15685), (1963105, 15700), (1963110, 15700), (1963429, 15702), (1963718, 15703)])
sweetly|(5, [(455697, 3215), (523569, 3654), (571980, 3961), (1021182, 7715), (1495280, 11901)])
forgotten|(1, [(777801, 5658)])
much|(187, [(16449, 105), (37154, 364), (94985, 882), (102557, 925), (116916, 1008), (123686, 1054), (142150, 1160), (156762, 1255), (160052, 1278), (167134, 1317), (196537, 1493), (204824, 1563), (215034, 1719), (218915, 1738), (221414, 1755), (225593, 1778), (225827, 1780), (228761, 1794), (231556, 1810), (231738, 1811), (236632, 1840), (239650, 1857), (246621, 1893), (255936, 1952), (264987, 2008), (291817, 2160), (297026, 2191), (299037, 2208), (300273, 2224), (300810, 2230), (303409, 2247), (305724, 2266), (309455, 2293), (312364, 2305), (326558, 2391), (336330, 2457), (344811, 2512), (386362, 2794), (387291, 2800), (401792, 2891), (402410, 2895), (404973, 2912), (409629, 2937), (418973, 2995), (419757, 3000), (427190, 3043), (427813, 3046), (428609, 3052), (450420, 3177), (488785, 3417), (550251, 3823), (550616, 3827), (565666, 3923), (567460, 3934), (577161, 4000), (585675, 4071), (594445, 4122), (599587, 4166), (610214, 4223), (645193, 4516), (668047, 4784), (699833, 5144), (708021, 5191), (718465, 5252), (734536, 5360), (756952, 5502), (777144, 5652), (777150, 5652), (783885, 5702), (798879, 5836), (820022, 6038), (824690, 6069), (842049, 6187), (847678, 6229), (850091, 6243), (866924, 6404), (893860, 6573), (894347, 6577), (908571, 6719), (916360, 6804), (916976, 6811), (934223, 6937), (961320, 7172), (963449, 7190), (984098, 7340), (999686, 7475), (1008249, 7552), (1018538, 7691), (1019763, 7701), (1035655, 7911), (1064745, 8223), (1078936, 8327), (1079158, 8330), (1079163, 8330), (1079168, 8330), (1100242, 8462), (1104045, 8494), (1111696, 8541), (1124416, 8625), (1131799, 8682), (1155470, 8844), (1165715, 8913), (1165727, 8913), (1168769, 8940), (1177080, 8987), (1185047, 9050), (1206014, 9288), (1217114, 9419), (1218955, 9435), (1227472, 9500), (1237519, 9588), (1240575, 9615), (1254363, 9764), (1261723, 9820), (1265389, 9858), (1297115, 10179), (1303546, 10268), (1311326, 10361), (1316413, 10417), (1329151, 10507), (1333786, 10534), (1336213, 10546), (1354870, 10732), (1358622, 10774), (1360071, 10790), (1361516, 10801), (1369492, 10862), (1383108, 10975), (1426933, 11354), (1428372, 11361), (1437967, 11416), (1439111, 11426), (1445863, 11488), (1452778, 11537), (1465753, 11656), (1491874, 11867), (1508544, 12036), (1511579, 12067), (1539052, 12304), (1540753, 12317), (1541107, 12319), (1546798, 12378), (1550515, 12410), (1554122, 12454), (1568459, 12566), (1574067, 12602), (1574498, 12603), (1587738, 12678), (1588546, 12683), (1605975, 12766), (1640792, 13055), (1646347, 13115), (1655838, 13175), (1662009, 13195), (1680581, 13317), (1705431, 13495), (1744282, 13843), (1746027, 13852), (1750855, 13899), (1751391, 13905), (1751847, 13910), (1756468, 13944), (1757755, 13960), (1759348, 13979), (1761895, 13998), (1764278, 14013), (1764512, 14014), (1775105, 14123), (1777960, 14160), (1778104, 14161), (1778224, 14162), (1792670, 14291), (1803938, 14390), (1819717, 14500), (1829399, 14546), (1864094, 14936), (1871656, 14989), (1900123, 15256), (1908883, 15307), (1913923, 15334), (1922525, 15381), (1935774, 15501), (1941185, 15566), (1942321, 15573), (1947252, 15603), (1959244, 15677), (1961480, 15689)])
on–but|(1, [(490181, 3431)])
alarmingly|(1, [(299295, 2211)])
extravagantly|(2, [(762028, 5534), (1761163, 13994)])
austere|(1, [(1067027, 8241)])
knew|(3, [(1550752, 12411), (1725058, 13661), (1848714, 14692)])
heavenly|(1, [(637053, 4428)])
clamorously|(1, [(1314000, 10400)])
dubiously|(1, [(608590, 4213)])
kindly|(1, [(1781748, 14212)])
collectively|(1, [(1168200, 8937)])
forever|(32, [(18977, 121), (44215, 423), (139122, 1144), (158395, 1269), (433345, 3074), (631939, 4366), (632105, 4367), (632107, 4367), (633131, 4378), (685699, 5000), (704466, 5169), (711109, 5210), (774022, 5628), (924290, 6861), (993809, 7423), (993985, 7427), (1160234, 8870), (1193552, 9107), (1194310, 9111), (1292176, 10125), (1399363, 11120), (1406075, 11187), (1498918, 11943), (1545652, 12361), (1628257, 12963), (1639233, 13045), (1754102, 13925), (1804869, 14395), (1839631, 14617), (1873698, 15001), (1873709, 15001), (1936658, 15518)])
frankly|(4, [(302920, 2243), (931018, 6915), (1580988, 12637), (1795921, 14316)])
gravely|(1, [(867308, 6407)])
dully|(2, [(990473, 7387), (1478939, 11758)])
nothing–mere|(1, [(1544289, 12346)])
fig|(3, [(459184, 3234), (460423, 3244), (460968, 3249)])
plenty|(1, [(344755, 2511)])
twice|(19, [(60561, 548), (60571, 548), (198477, 1501), (247262, 1897), (413154, 2955), (476547, 3341), (560737, 3900), (772438, 5615), (879687, 6484), (898755, 6620), (1050290, 8062), (1352179, 10701), (1556193, 12472), (1566638, 12549), (1603519, 12756), (1640037, 13051), (1838228, 14605), (1886111, 15111), (1943274, 15578)])
immediately|(192, [(7647, 52), (11017, 82), (17686, 110), (19685, 127), (78743, 763), (82132, 811), (88339, 844), (90766, 860), (91609, 863), (99694, 907), (118251, 1018), (120610, 1036), (145302, 1176), (146249, 1181), (149011, 1196), (153958, 1240), (176096, 1362), (203578, 1550), (219408, 1742), (238245, 1849), (245670, 1888), (251889, 1925), (252177, 1927), (256613, 1955), (257267, 1959), (257576, 1961), (258539, 1966), (262235, 1992), (263317, 1999), (264760, 2007), (269781, 2036), (269970, 2038), (275712, 2063), (276387, 2068), (280746, 2088), (280906, 2090), (281290, 2094), (282262, 2102), (297788, 2196), (308534, 2288), (317537, 2339), (351039, 2553), (373116, 2700), (378452, 2737), (386565, 2796), (392958, 2835), (393168, 2836), (398286, 2866), (398678, 2868), (404221, 2908), (405000, 2912), (416007, 2978), (418690, 2992), (426494, 3039), (436423, 3093), (442175, 3128), (445028, 3142), (447758, 3158), (448771, 3166), (469230, 3298), (499369, 3498), (504534, 3534), (504847, 3537), (509919, 3567), (514597, 3598), (526786, 3679), (540603, 3768), (542602, 3778), (543017, 3780), (547445, 3806), (559096, 3886), (575818, 3988), (580522, 4036), (582817, 4051), (592913, 4113), (602341, 4180), (604353, 4194), (605466, 4200), (606740, 4206), (607496, 4209), (655197, 4617), (671303, 4827), (684230, 4975), (690015, 5050), (695953, 5123), (699465, 5141), (715139, 5230), (722339, 5277), (723425, 5285), (745113, 5417), (748280, 5446), (760069, 5521), (769749, 5595), (785973, 5722), (822609, 6057), (863346, 6375), (864833, 6385), (973601, 7250), (974953, 7265), (991706, 7396), (1001233, 7486), (1029742, 7861), (1036138, 7915), (1096508, 8440), (1111014, 8536), (1112140, 8545), (1119030, 8594), (1119328, 8595), (1120842, 8606), (1122503, 8612), (1124672, 8627), (1129601, 8664), (1133495, 8693), (1144828, 8775), (1149602, 8808), (1153535, 8834), (1160836, 8874), (1161757, 8880), (1162341, 8882), (1211882, 9381), (1223323, 9474), (1229434, 9514), (1236412, 9578), (1249030, 9705), (1249768, 9712), (1250265, 9725), (1272498, 9960), (1281141, 10043), (1282979, 10054), (1283484, 10059), (1332662, 10528), (1338949, 10563), (1339731, 10569), (1347205, 10656), (1355892, 10740), (1392724, 11053), (1394234, 11065), (1395680, 11080), (1402363, 11157), (1406494, 11190), (1409627, 11218), (1411200, 11232), (1421430, 11310), (1425246, 11347), (1426684, 11353), (1430751, 11376), (1433755, 11392), (1434060, 11394), (1436771, 11409), (1443171, 11469), (1443311, 11470), (1457976, 11578), (1468973, 11681), (1468981, 11681), (1470815, 11695), (1493404, 11881), (1526245, 12205), (1529432, 12233), (1534689, 12280), (1538027, 12300), (1540768, 12317), (1542661, 12329), (1549794, 12403), (1551410, 12419), (1570460, 12582), (1578958, 12629), (1581211, 12639), (1581893, 12643), (1582904, 12646), (1603939, 12758), (1619390, 12882), (1629127, 12968), (1648802, 13133), (1660157, 13187), (1669815, 13256), (1680314, 13316), (1687723, 13369), (1690769, 13395), (1695509, 13429), (1695984, 13431), (1703499, 13480), (1703890, 13483), (1707463, 13511), (1710461, 13547), (1751950, 13911), (1762371, 14000), (1776790, 14145), (1785294, 14236), (1795269, 14310), (1855039, 14812), (1903140, 15272), (1928616, 15416)])
unpleasingly|(1, [(1767375, 14045)])
forcibly|(13, [(164020, 1302), (233124, 1819), (271283, 2044), (376260, 2724), (504640, 3535), (674633, 4871), (707038, 5184), (939174, 6977), (954445, 7108), (1187794, 9067), (1365963, 10841), (1596627, 12728), (1909419, 15311)])
unavoidably|(1, [(1684267, 13340)])
fatally|(2, [(158637, 1270), (1467572, 11669)])
loosely|(7, [(303615, 2248), (565660, 3923), (567237, 3933), (1129773, 8665), (1274769, 9976), (1290058, 10109), (1475677, 11735)])
diagonally|(6, [(588153, 4087), (591761, 4107), (1236540, 9579), (1237818, 9593), (1763140, 14003), (1949084, 15615)])
hissingly|(1, [(65924, 586)])
breathlessly|(1, [(1048674, 8038)])
roughly|(5, [(169835, 1328), (216636, 1724), (386577, 2796), (760059, 5521), (1966143, 15718)])
fulsomely|(1, [(1616567, 12866)])
upwardly|(1, [(1792375, 14290)])
'purposely|(1, [(1710033, 13541)])
abundantly|(2, [(411455, 2946), (1436479, 11408)])
forward|(36, [(53114, 485), (108200, 960), (219162, 1740), (236175, 1838), (250825, 1919), (295939, 2184), (325823, 2386), (360093, 2602), (423656, 3024), (494647, 3475), (522839, 3647), (538430, 3754), (574787, 3979), (587357, 4080), (593410, 4116), (596359, 4143), (601356, 4175), (671780, 4834), (749761, 5454), (783543, 5693), (1002855, 7504), (1030230, 7864), (1059429, 8179), (1134472, 8700), (1139887, 8734), (1171152, 8953), (1220129, 9442), (1454018, 11544), (1532642, 12260), (1578357, 12625), (1579499, 12632), (1645967, 13110), (1655999, 13176), (1702116, 13475), (1835934, 14594), (1855034, 14812)])
woolly|(2, [(383842, 2776), (804502, 5868)])
write|(2, [(651419, 4581), (657444, 4646)])
profusely|(3, [(173169, 1344), (843704, 6198), (974037, 7251)])
likewise|(3, [(131920, 1103), (870175, 6427), (1676994, 13294)])
telescope|(1, [(1441385, 11446)])
buried–only|(1, [(413692, 2958)])
south|(8, [(43742, 421), (351935, 2557), (352335, 2559), (352483, 2560), (358544, 2594), (361930, 2617), (366082, 2637), (399925, 2876)])
bewitchingly|(1, [(1403996, 11173)])
antiochus|(1, [(210736, 1655)])
whimsically|(1, [(98242, 897)])
securely|(13, [(145856, 1179), (241013, 1864), (295945, 2184), (860350, 6352), (906515, 6700), (910555, 6743), (922384, 6847), (940508, 6989), (942115, 7008), (947107, 7056), (1035045, 7905), (1228623, 9508), (1763133, 14003)])
inevitably|(17, [(53134, 485), (225435, 1777), (471311, 3310), (738730, 5386), (869148, 6422), (938348, 6969), (1044222, 7994), (1342617, 10601), (1482534, 11781), (1510354, 12058), (1563988, 12523), (1739845, 13804), (1831447, 14561), (1840062, 14619), (1841264, 14628), (1883035, 15085), (1915785, 15343)])
fortune|(1, [(1546807, 12378)])
intellectually|(2, [(1515608, 12103), (1518070, 12141)])
endlessly|(1, [(1513778, 12080)])
desperately|(9, [(195557, 1487), (423693, 3024), (446728, 3150), (776132, 5647), (977832, 7283), (1051232, 8072), (1061804, 8201), (1329128, 10507), (1687642, 13368)])
north|(1, [(1529266, 12232)])
berry|(1, [(1249951, 9717)])
visibly|(3, [(978551, 7290), (1067837, 8245), (1870698, 14985)])
cheerily|(2, [(1198107, 9163), (1484691, 11797)])
profoundly|(12, [(695356, 5120), (861475, 6360), (983006, 7330), (997827, 7458), (1099990, 8460), (1317250, 10424), (1343484, 10624), (1550397, 12409), (1597574, 12733), (1683925, 13339), (1813590, 14453), (1918280, 15355)])
chantilly|(1, [(886418, 6522)])
unusually|(19, [(10828, 81), (173785, 1350), (196232, 1491), (223264, 1765), (319814, 2352), (354321, 2568), (621644, 4294), (715837, 5233), (820229, 6039), (984829, 7345), (1007668, 7549), (1062378, 8206), (1113071, 8550), (1305590, 10293), (1438787, 11423), (1450830, 11518), (1551562, 12421), (1580321, 12635), (1788282, 14254)])
oftener|(1, [(1943280, 15578)])
bodily|(18, [(18074, 112), (48642, 451), (52243, 479), (97891, 895), (115755, 998), (265908, 2013), (424549, 3028), (566345, 3927), (739611, 5390), (871730, 6437), (1295085, 10161), (1464533, 11639), (1480786, 11773), (1512820, 12075), (1534369, 12277), (1545296, 12359), (1823154, 14519), (1831959, 14564)])
were|(7, [(213598, 1706), (746501, 5428), (1152080, 8824), (1241949, 9634), (1300259, 10207), (1300302, 10208), (1886583, 15116)])
scarcely|(122, [(24733, 214), (38736, 376), (64134, 572), (91067, 861), (223908, 1769), (229582, 1798), (283310, 2108), (286055, 2124), (303604, 2248), (306446, 2273), (308856, 2289), (311115, 2302), (325581, 2384), (330007, 2410), (375245, 2717), (429675, 3055), (433335, 3074), (457419, 3226), (466167, 3280), (474270, 3329), (507689, 3555), (522128, 3642), (524901, 3668), (548503, 3813), (569061, 3944), (582804, 4051), (596018, 4137), (597966, 4155), (598373, 4158), (673680, 4863), (716150, 5235), (716811, 5238), (763311, 5541), (823968, 6065), (841370, 6182), (862180, 6366), (865449, 6388), (867410, 6409), (890525, 6547), (893863, 6573), (907682, 6709), (911619, 6754), (924130, 6860), (934205, 6937), (962046, 7179), (965381, 7199), (971229, 7238), (1010090, 7568), (1032334, 7880), (1047464, 8029), (1047795, 8030), (1047798, 8030), (1051022, 8071), (1075171, 8303), (1093768, 8420), (1114679, 8562), (1117673, 8584), (1145293, 8780), (1147204, 8792), (1200194, 9208), (1203491, 9241), (1218584, 9432), (1219977, 9441), (1231371, 9529), (1238243, 9598), (1239369, 9606), (1240270, 9613), (1242981, 9641), (1243284, 9645), (1266509, 9874), (1273593, 9969), (1280914, 10040), (1293875, 10150), (1344198, 10631), (1360788, 10798), (1408914, 11209), (1410576, 11230), (1420976, 11308), (1465609, 11654), (1470984, 11697), (1473696, 11719), (1479680, 11762), (1480005, 11764), (1498272, 11935), (1531463, 12251), (1541071, 12319), (1609621, 12798), (1615078, 12854), (1618689, 12879), (1627798, 12959), (1628801, 12967), (1630499, 12979), (1646220, 13115), (1663891, 13211), (1664854, 13215), (1677714, 13299), (1696485, 13437), (1702703, 13477), (1706201, 13502), (1744040, 13840), (1744210, 13842), (1746032, 13852), (1751932, 13911), (1765666, 14022), (1788633, 14258), (1804844, 14395), (1805488, 14398), (1841672, 14631), (1842017, 14632), (1856311, 14832), (1862234, 14919), (1867657, 14962), (1873685, 15001), (1889731, 15143), (1908116, 15303), (1920507, 15371), (1922880, 15383), (1940963, 15564), (1943427, 15580), (1946089, 15595), (1958559, 15674), (1963104, 15700)])
surpassingly|(3, [(735269, 5366), (1068331, 8247), (1421669, 11311)])
broke|(2, [(223932, 1769), (572219, 3962)])
abstractedly|(1, [(1894710, 15197)])
palpably|(4, [(248796, 1906), (1332263, 10526), (1518004, 12140), (1807608, 14411)])
vigorously|(6, [(309827, 2297), (520040, 3629), (543994, 3785), (1473602, 11718), (1786952, 14247), (1856214, 14831)])
upside|(2, [(114357, 991), (648606, 4555)])
graciously|(1, [(181638, 1387)])
unbrokenly|(1, [(987107, 7359)])
necessarily|(27, [(133228, 1110), (215655, 1721), (336326, 2457), (555317, 3864), (561291, 3902), (564444, 3917), (744722, 5415), (889107, 6540), (927431, 6886), (976748, 7271), (1099732, 8458), (1161441, 8878), (1318320, 10430), (1328467, 10503), (1330099, 10513), (1404246, 11175), (1429520, 11370), (1446554, 11491), (1450418, 11517), (1475690, 11735), (1673818, 13282), (1751370, 13905), (1780449, 14197), (1780665, 14200), (1844448, 14646), (1861192, 14909), (1911042, 15318)])
deplorably|(1, [(939043, 6975)])
infallibly|(1, [(495683, 3481)])
otherwise|(47, [(45615, 433), (61781, 560), (72008, 630), (145608, 1178), (177104, 1367), (200713, 1517), (225606, 1778), (233529, 1821), (294501, 2176), (296555, 2187), (299039, 2208), (320835, 2359), (329677, 2408), (409228, 2935), (439673, 3113), (458882, 3233), (497835, 3492), (500439, 3508), (516471, 3607), (546124, 3796), (549071, 3817), (560334, 3896), (564443, 3917), (597412, 4150), (609734, 4219), (665960, 4769), (700313, 5147), (821185, 6046), (854817, 6288), (889670, 6542), (890419, 6546), (950085, 7074), (970821, 7236), (1129349, 8661), (1158817, 8863), (1239702, 9609), (1284039, 10064), (1286247, 10079), (1469785, 11687), (1599117, 12738), (1624797, 12929), (1633536, 12997), (1636342, 13014), (1643102, 13072), (1780466, 14197), (1809475, 14424), (1840776, 14623)])
plain|(3, [(689706, 5048), (1315776, 10414), (1340088, 10574)])
straight|(2, [(171108, 1335), (995066, 7440)])
intently|(2, [(1322807, 10468), (1387912, 11023)])
–what|(3, [(1028063, 7844), (1384317, 10986), (1844466, 14646)])
fearlessly|(2, [(37488, 366), (1935087, 15495)])
flew|(1, [(1677732, 13299)])
amazingly|(1, [(1919535, 15364)])
mere|(1, [(1635546, 13010)])
chemically|(2, [(111331, 974), (140625, 1154)])
solar|(1, [(1957715, 15667)])
nigger|(1, [(1222364, 9465)])
distinctly|(49, [(5719, 38), (51722, 475), (269776, 2036), (319414, 2350), (379487, 2746), (418679, 2992), (425109, 3030), (445627, 3146), (463078, 3263), (514007, 3593), (518900, 3622), (557928, 3878), (578254, 4011), (597943, 4155), (600133, 4169), (601344, 4175), (614807, 4252), (624132, 4309), (722354, 5277), (876469, 6464), (909867, 6734), (912240, 6760), (917313, 6814), (926073, 6876), (1051530, 8077), (1136817, 8716), (1227968, 9504), (1391114, 11045), (1416226, 11264), (1504205, 11990), (1518938, 12148), (1535578, 12285), (1537408, 12296), (1539892, 12311), (1580348, 12635), (1599915, 12741), (1654616, 13169), (1671389, 13266), (1679056, 13307), (1703216, 13479), (1785038, 14234), (1814433, 14459), (1828160, 14539), (1859277, 14898), (1880854, 15058), (1881780, 15071), (1907787, 15299), (1955491, 15652), (1966502, 15721)])
not–o|(1, [(1489825, 11851)])
answer|(1, [(1367865, 10855)])
farther–what|(1, [(1167084, 8926)])
shrilly|(1, [(17356, 109)])
tolerably|(10, [(368063, 2654), (379179, 2744), (466886, 3284), (1220340, 9443), (1306771, 10307), (1448891, 11506), (1570853, 12585), (1925018, 15396), (1954797, 15649), (1956535, 15661)])
inwardly|(2, [(67483, 597), (1395892, 11083)])
quiveringly|(1, [(1590270, 12694)])
–were|(1, [(1805288, 14397)])
acutely|(2, [(1107676, 8520), (1599725, 12740)])
honesti|(1, [(1326004, 10486)])
therefore|(113, [(38515, 374), (66239, 589), (89486, 852), (90110, 856), (95966, 889), (96519, 891), (104855, 935), (109385, 965), (111697, 975), (115392, 996), (129526, 1090), (147367, 1188), (154972, 1245), (190582, 1432), (199664, 1509), (209046, 1629), (210157, 1648), (210442, 1652), (212619, 1700), (213395, 1704), (225819, 1780), (257147, 1958), (274932, 2061), (378438, 2737), (428170, 3048), (435050, 3084), (436027, 3090), (443243, 3134), (450184, 3175), (455226, 3212), (456262, 3218), (480477, 3367), (481823, 3375), (495378, 3479), (495847, 3482), (526482, 3677), (527259, 3681), (528284, 3688), (536750, 3744), (541615, 3773), (544383, 3787), (613254, 4245), (624896, 4315), (661930, 4722), (752890, 5478), (762280, 5536), (778947, 5663), (810209, 5932), (814650, 5987), (821302, 6047), (842354, 6189), (847685, 6229), (878111, 6475), (885697, 6515), (942579, 7013), (951968, 7089), (961558, 7173), (970427, 7234), (996408, 7449), (1001426, 7489), (1003307, 7506), (1061061, 8195), (1085233, 8372), (1142419, 8752), (1148523, 8801), (1169231, 8943), (1227275, 9499), (1234420, 9559), (1240258, 9613), (1248186, 9698), (1248561, 9701), (1250740, 9735), (1267659, 9892), (1302424, 10254), (1318546, 10431), (1323255, 10470), (1396434, 11087), (1399162, 11118), (1422740, 11322), (1431430, 11381), (1520276, 12156), (1528084, 12220), (1539757, 12310), (1543959, 12340), (1551249, 12417), (1551970, 12422), (1556421, 12473), (1557869, 12482), (1563648, 12521), (1568235, 12564), (1568456, 12566), (1576703, 12615), (1587208, 12675), (1604971, 12761), (1605678, 12765), (1612927, 12831), (1614036, 12845), (1614419, 12848), (1618206, 12875), (1657104, 13179), (1671702, 13267), (1687692, 13369), (1691198, 13402), (1704554, 13485), (1708391, 13522), (1714922, 13575), (1720316, 13610), (1741189, 13813), (1773132, 14104), (1880567, 15054), (1927833, 15410), (1941677, 15569), (1946927, 15600)])
vigorously–faster–still|(1, [(1734103, 13745)])
narrowly|(3, [(725850, 5292), (991064, 7389), (1234334, 9558)])
inside|(1, [(1205353, 9277)])
fortunately|(6, [(99357, 903), (225168, 1776), (296540, 2187), (535722, 3738), (941551, 7002), (1418619, 11288)])
lustily|(1, [(980234, 7307)])
invariably|(13, [(367224, 2644), (377291, 2731), (505041, 3538), (696662, 5127), (760693, 5525), (925742, 6873), (1004001, 7510), (1099738, 8458), (1157675, 8856), (1577358, 12618), (1711759, 13554), (1859831, 14901), (1925626, 15399)])
diametrically|(1, [(1904498, 15277)])
thrust|(1, [(942006, 7007)])
