whisperingly|(1, [(1080580, 8340)])
confusedly|(5, [(29499, 301), (831251, 6104), (1335601, 10542), (1478941, 11758), (1939804, 15557)])
–frequently|(1, [(1617415, 12872)])
suddenly|(97, [(3495, 21), (48778, 452), (54799, 495), (67691, 598), (122855, 1050), (139085, 1144), (147156, 1187), (152612, 1233), (157296, 1260), (159600, 1275), (169529, 1326), (172169, 1340), (230037, 1802), (242646, 1871), (243040, 1873), (249689, 1911), (266145, 2015), (269410, 2033), (270263, 2039), (271668, 2046), (278106, 2075), (422704, 3019), (422743, 3019), (445893, 3148), (452360, 3192), (453520, 3203), (494435, 3474), (504718, 3536), (511444, 3576), (523960, 3658), (545539, 3793), (573195, 3969), (595385, 4131), (598895, 4161), (731736, 5340), (749327, 5451), (830678, 6101), (837783, 6156), (843495, 6197), (851584, 6254), (856217, 6305), (856220, 6305), (885998, 6518), (898956, 6622), (901224, 6644), (929883, 6907), (973224, 7247), (986900, 7358), (989959, 7380), (1030734, 7867), (1030741, 7867), (1041369, 7961), (1044913, 8002), (1056504, 8142), (1056851, 8146), (1058965, 8174), (1065543, 8230), (1066969, 8240), (1072166, 8279), (1200378, 9210), (1244160, 9650), (1253280, 9758), (1282242, 10049), (1306190, 10299), (1346806, 10652), (1387295, 11018), (1399259, 11119), (1413142, 11247), (1435156, 11401), (1459292, 11589), (1473046, 11711), (1476249, 11739), (1483979, 11791), (1486520, 11810), (1495550, 11904), (1545647, 12361), (1545912, 12366), (1547563, 12386), (1556603, 12474), (1560676, 12502), (1563962, 12523), (1564744, 12528), (1578354, 12625), (1589774, 12692), (1591032, 12700), (1619351, 12882), (1657886, 13181), (1755373, 13934), (1776032, 14140), (1787357, 14250), (1836917, 14599), (1857182, 14841), (1872233, 14994), (1905909, 15286), (1907571, 15298), (1925926, 15400), (1959108, 15676)])
forty-eight|(1, [(1028718, 7852)])
homeward|(1, [(1394417, 11067)])
upward|(20, [(21777, 160), (90786, 860), (252158, 1927), (292939, 2167), (427174, 3043), (643293, 4495), (883946, 6505), (902380, 6654), (1035593, 7910), (1036130, 7915), (1039187, 7941), (1039581, 7946), (1041272, 7960), (1129408, 8662), (1157677, 8856), (1449146, 11508), (1454745, 11555), (1557531, 12480), (1726713, 13673), (1904750, 15278)])
not–but|(1, [(1190510, 9089)])
ill|(2, [(179468, 1377), (926801, 6880)])
instantaneously|(6, [(55610, 502), (145627, 1178), (474068, 3328), (606771, 4206), (1462880, 11622), (1638172, 13027)])
nonchalance–so|(1, [(1388401, 11025)])
heard|(5, [(1201690, 9222), (1205921, 9287), (1206407, 9292), (1343268, 10612), (1686386, 13358)])
–there|(4, [(21681, 159), (23851, 191), (578220, 4011), (1384525, 10990)])
accidentally|(10, [(92174, 866), (225421, 1777), (254718, 1945), (483115, 3384), (489574, 3424), (669402, 4807), (1104744, 8497), (1500094, 11956), (1709796, 13539), (1742436, 13823)])
neither|(8, [(71060, 619), (95894, 888), (99362, 903), (253595, 1939), (687708, 5028), (868174, 6417), (1155466, 8844), (1802173, 14380)])
tightly|(13, [(94536, 879), (128456, 1083), (145984, 1180), (178878, 1375), (251166, 1922), (292748, 2166), (373966, 2706), (538873, 3757), (562695, 3909), (563391, 3912), (1128229, 8648), (1618791, 12880), (1859557, 14900)])
ralelly|(1, [(796101, 5824)])
evidently|(62, [(16234, 104), (105771, 941), (140381, 1153), (147648, 1190), (151955, 1224), (171628, 1337), (175828, 1361), (178171, 1371), (189923, 1430), (192061, 1442), (196773, 1494), (218363, 1735), (246605, 1893), (260517, 1981), (300270, 2224), (304801, 2257), (316301, 2333), (376230, 2724), (436727, 3095), (445792, 3147), (461899, 3256), (480818, 3369), (492814, 3460), (499226, 3497), (508365, 3558), (582419, 4048), (599233, 4163), (603696, 4189), (610212, 4223), (646857, 4536), (668645, 4794), (701593, 5154), (719884, 5260), (832309, 6112), (852871, 6267), (854572, 6286), (916882, 6810), (917985, 6817), (957665, 7137), (1039587, 7946), (1142205, 8750), (1162474, 8883), (1179008, 9004), (1206013, 9288), (1215473, 9398), (1219335, 9437), (1276964, 9998), (1512817, 12075), (1528215, 12222), (1571179, 12587), (1622278, 12909), (1623641, 12922), (1626184, 12945), (1627815, 12959), (1628567, 12965), (1658676, 13184), (1776664, 14144), (1784614, 14232), (1785514, 14238), (1878743, 15037), (1922475, 15381), (1957519, 15666)])
drunk–beastly|(1, [(596613, 4146)])
materially|(14, [(101966, 922), (152614, 1233), (153716, 1239), (493143, 3463), (829686, 6098), (941492, 7000), (1159363, 8866), (1267298, 9886), (1436469, 11408), (1438041, 11417), (1492132, 11869), (1849977, 14705), (1877900, 15033), (1916117, 15344)])
mournfully|(2, [(967747, 7220), (1486933, 11819)])
publicly|(1, [(781997, 5678)])
e.|(1, [(1320012, 10439)])
dearly|(2, [(479250, 3358), (601030, 4173)])
putty|(1, [(1206492, 9293)])
substance|(1, [(1525119, 12196)])
rightly|(7, [(87095, 837), (138068, 1137), (618960, 4281), (637068, 4428), (1116667, 8576), (1317823, 10427), (1447571, 11497)])
figuratively|(2, [(677791, 4904), (1708146, 13519)])
as|(19, [(226324, 1782), (271658, 2046), (341349, 2487), (384872, 2784), (423086, 3020), (424009, 3026), (449656, 3172), (478522, 3353), (550831, 3828), (588994, 4092), (594340, 4121), (820638, 6043), (903409, 6662), (1208942, 9328), (1428938, 11367), (1564321, 12524), (1722629, 13625), (1750707, 13897), (1753000, 13918)])
–oh|(1, [(688661, 5032)])
gracefully|(1, [(1405494, 11184)])
unresistingly|(2, [(503574, 3527), (768914, 5586)])
strenuously|(2, [(209409, 1637), (404656, 2910)])
vitally|(1, [(786906, 5731)])
disgracefully|(1, [(1632870, 12994)])
successively|(4, [(108663, 963), (826102, 6082), (1483712, 11789), (1900493, 15259)])
merrily|(1, [(1078280, 8325)])
radiantly|(1, [(925014, 6866)])
willingly|(2, [(187190, 1417), (1212884, 9386)])
though|(5, [(692609, 5086), (803452, 5863), (1385962, 11009), (1412848, 11246), (1419690, 11294)])
orthographically|(1, [(154723, 1244)])
untimely|(2, [(763644, 5545), (966528, 7211)])
manly|(2, [(753585, 5482), (1583991, 12650)])
radically|(4, [(791277, 5772), (1094697, 8429), (1336780, 10551), (1712997, 13564)])
those–were|(1, [(1374776, 10896)])
demurely|(2, [(115869, 999), (773041, 5619)])
lamp-black|(1, [(809349, 5927)])
perhaps|(139, [(2392, 14), (6585, 45), (38225, 372), (42475, 412), (48296, 448), (59040, 530), (65493, 584), (96548, 891), (106097, 943), (117907, 1015), (140614, 1154), (160522, 1282), (165931, 1312), (204204, 1555), (260528, 1981), (395915, 2853), (411480, 2946), (422169, 3015), (432215, 3069), (439894, 3115), (446713, 3150), (475515, 3336), (484791, 3396), (499871, 3503), (583879, 4061), (605403, 4200), (622668, 4296), (643762, 4500), (659289, 4680), (669405, 4807), (673363, 4859), (681200, 4932), (688056, 5029), (698694, 5138), (699694, 5143), (706380, 5180), (707034, 5184), (709677, 5207), (710401, 5209), (716122, 5235), (726682, 5300), (737848, 5381), (741669, 5402), (749101, 5450), (771610, 5608), (774215, 5631), (781059, 5673), (782076, 5678), (840629, 6177), (850768, 6248), (867914, 6416), (876991, 6468), (894340, 6577), (906066, 6695), (927415, 6886), (933546, 6930), (938709, 6972), (946206, 7050), (955622, 7118), (964819, 7195), (1038170, 7930), (1039162, 7941), (1045098, 8003), (1060094, 8185), (1062599, 8207), (1065993, 8233), (1080083, 8338), (1080286, 8339), (1098985, 8455), (1116358, 8575), (1181141, 9024), (1181425, 9026), (1184749, 9047), (1190596, 9090), (1200367, 9210), (1213515, 9388), (1216178, 9405), (1216904, 9414), (1218798, 9434), (1219159, 9436), (1220608, 9445), (1231888, 9534), (1238264, 9599), (1240543, 9615), (1254462, 9765), (1259507, 9800), (1261127, 9817), (1261147, 9817), (1265622, 9863), (1279165, 10020), (1302193, 10251), (1315070, 10408), (1323442, 10471), (1329125, 10507), (1335250, 10540), (1340081, 10574), (1351348, 10691), (1391087, 11045), (1408616, 11207), (1409952, 11222), (1418146, 11285), (1440336, 11436), (1453350, 11541), (1466198, 11659), (1498934, 11943), (1502543, 11977), (1518800, 12146), (1532156, 12257), (1539037, 12304), (1605099, 12762), (1610683, 12810), (1621537, 12902), (1646246, 13115), (1658185, 13182), (1663893, 13211), (1684735, 13341), (1688135, 13375), (1688452, 13378), (1699357, 13457), (1699581, 13458), (1762893, 14001), (1780134, 14193), (1793688, 14297), (1798267, 14336), (1819277, 14497), (1828382, 14540), (1831950, 14564), (1842736, 14636), (1868218, 14965), (1872215, 14994), (1923153, 15384), (1931898, 15456), (1941265, 15567), (1954027, 15644), (1956542, 15661), (1959819, 15679), (1961877, 15690), (1965527, 15716), (1966382, 15719)])
hereafter|(3, [(101462, 918), (201133, 1523), (533977, 3732)])
temporarily|(2, [(1062113, 8202), (1561622, 12508)])
wordly|(1, [(1082977, 8356)])
carelessly|(4, [(901894, 6652), (1336565, 10549), (1475675, 11735), (1913245, 15330)])
worldly|(3, [(742383, 5406), (1279781, 10026), (1743943, 13839)])
tremulously|(1, [(987308, 7360)])
accurately|(13, [(12278, 88), (112363, 978), (393149, 2836), (785429, 5719), (910265, 6738), (970782, 7236), (988336, 7364), (1225984, 9489), (1367911, 10855), (1691995, 13406), (1725550, 13664), (1807190, 14407), (1836606, 14598)])
thrillingly|(3, [(704682, 5171), (1432805, 11387), (1794748, 14304)])
quite|(126, [(74117, 687), (74335, 695), (87307, 838), (120806, 1037), (125455, 1065), (175717, 1360), (193523, 1456), (220654, 1751), (235235, 1831), (236611, 1840), (256473, 1954), (264748, 2007), (265202, 2009), (291384, 2157), (305939, 2268), (315346, 2324), (386086, 2792), (429662, 3055), (434155, 3078), (546341, 3798), (557277, 3874), (572734, 3966), (572741, 3966), (572756, 3966), (604203, 4192), (654905, 4615), (660327, 4697), (669991, 4811), (685064, 4986), (695957, 5123), (795135, 5818), (805031, 5869), (806136, 5875), (816696, 6007), (818274, 6023), (834551, 6129), (892766, 6566), (911292, 6752), (1000045, 7478), (1002636, 7500), (1004696, 7516), (1005231, 7523), (1016040, 7660), (1020643, 7709), (1023976, 7754), (1024204, 7765), (1181527, 9027), (1200896, 9214), (1211780, 9380), (1220360, 9443), (1226937, 9497), (1227649, 9501), (1241966, 9634), (1245243, 9659), (1253279, 9758), (1254189, 9763), (1259519, 9800), (1266604, 9875), (1269375, 9913), (1304078, 10273), (1305022, 10288), (1335008, 10538), (1338829, 10562), (1342856, 10605), (1345735, 10642), (1349587, 10673), (1365727, 10839), (1385701, 11006), (1396030, 11084), (1397302, 11098), (1410496, 11229), (1436517, 11408), (1454389, 11551), (1478004, 11750), (1498611, 11940), (1512176, 12070), (1512829, 12075), (1532449, 12258), (1532736, 12261), (1534360, 12277), (1543961, 12340), (1544038, 12341), (1544939, 12356), (1553673, 12442), (1557225, 12478), (1568154, 12563), (1583440, 12648), (1597780, 12734), (1601206, 12745), (1620808, 12897), (1634540, 13004), (1652340, 13159), (1657465, 13180), (1662766, 13198), (1673969, 13283), (1691720, 13405), (1713241, 13565), (1743146, 13832), (1764733, 14015), (1765161, 14019), (1765908, 14024), (1780948, 14201), (1784035, 14229), (1785275, 14236), (1786658, 14245), (1787356, 14250), (1799790, 14356), (1808925, 14420), (1824753, 14524), (1861180, 14909), (1867152, 14958), (1867420, 14960), (1886735, 15117), (1889509, 15142), (1890150, 15145), (1890401, 15147), (1890928, 15153), (1894715, 15197), (1895362, 15210), (1901764, 15265), (1912506, 15326), (1919187, 15361), (1933938, 15482), (1941679, 15569), (1947271, 15603), (1947530, 15605)])
matronly|(1, [(1418152, 11285)])
past|(1, [(889300, 6541)])
sincerely|(2, [(1020554, 7708), (1215736, 9401)])
isidore|(1, [(900254, 6634)])
unhappily|(3, [(980236, 7307), (999865, 7477), (1515274, 12100)])
interiorly|(1, [(1500459, 11958)])
touch|(1, [(1056684, 8144)])
never|(297, [(8759, 65), (9772, 73), (14288, 94), (20008, 131), (22004, 163), (22007, 163), (22010, 163), (24025, 195), (39785, 386), (39792, 386), (46753, 441), (55843, 504), (59509, 535), (59818, 536), (60090, 541), (64439, 574), (66051, 587), (84725, 823), (84736, 823), (91618, 863), (93304, 871), (98256, 897), (133493, 1112), (136160, 1125), (162684, 1294), (170519, 1333), (187463, 1419), (210443, 1652), (223272, 1765), (230223, 1803), (230915, 1807), (242835, 1872), (252931, 1932), (256628, 1955), (260789, 1983), (267033, 2019), (281741, 2097), (302839, 2242), (305072, 2260), (306647, 2274), (307983, 2283), (310295, 2299), (311124, 2302), (313714, 2314), (322450, 2367), (333414, 2440), (338754, 2474), (339104, 2476), (339442, 2478), (360361, 2605), (371091, 2682), (378086, 2735), (386091, 2792), (394461, 2843), (397314, 2861), (400619, 2882), (401200, 2886), (402966, 2899), (412907, 2953), (417219, 2985), (424388, 3027), (449497, 3171), (466568, 3283), (474650, 3331), (477819, 3349), (483063, 3384), (487320, 3410), (491515, 3444), (507201, 3552), (523559, 3654), (532824, 3725), (533041, 3726), (538995, 3758), (539733, 3763), (540905, 3769), (565641, 3923), (568832, 3942), (569766, 3948), (573459, 3970), (573637, 3971), (577359, 4001), (583704, 4060), (586424, 4074), (589663, 4097), (605494, 4200), (618873, 4280), (619648, 4284), (625560, 4319), (625753, 4320), (645821, 4524), (648937, 4561), (650377, 4574), (652342, 4591), (656673, 4638), (662615, 4730), (668798, 4795), (670570, 4818), (671568, 4831), (682503, 4944), (682986, 4960), (683529, 4967), (684802, 4981), (692324, 5081), (695489, 5121), (696066, 5124), (700974, 5153), (701929, 5155), (708423, 5194), (709229, 5202), (725582, 5291), (734953, 5363), (738392, 5384), (747336, 5439), (751416, 5467), (751427, 5467), (752894, 5478), (773584, 5624), (775197, 5640), (809626, 5929), (815129, 5991), (815463, 5995), (815737, 5998), (816183, 6002), (826289, 6083), (830989, 6102), (834467, 6128), (842336, 6189), (851616, 6254), (858551, 6334), (879487, 6483), (882070, 6496), (884738, 6509), (884976, 6511), (886779, 6525), (888242, 6534), (889310, 6541), (890418, 6546), (894696, 6579), (896753, 6599), (898736, 6620), (903739, 6665), (904823, 6676), (906356, 6698), (907096, 6704), (908861, 6722), (913672, 6775), (920935, 6836), (933168, 6927), (935988, 6951), (945229, 7040), (956765, 7128), (961893, 7177), (977333, 7278), (996421, 7449), (1006745, 7543), (1042335, 7971), (1046756, 8020), (1046822, 8020), (1088344, 8389), (1088658, 8392), (1098369, 8451), (1098395, 8451), (1113453, 8553), (1113668, 8554), (1114923, 8563), (1127016, 8639), (1140793, 8739), (1147089, 8790), (1162935, 8886), (1166334, 8917), (1172667, 8963), (1182358, 9034), (1191228, 9095), (1193954, 9108), (1194487, 9114), (1194511, 9115), (1195784, 9131), (1200112, 9207), (1205669, 9282), (1206816, 9296), (1208086, 9320), (1209982, 9352), (1220496, 9444), (1226198, 9491), (1238594, 9601), (1238604, 9601), (1239704, 9609), (1240186, 9611), (1247047, 9681), (1283179, 10056), (1285627, 10075), (1300114, 10202), (1300784, 10217), (1300809, 10218), (1300843, 10219), (1302321, 10253), (1304123, 10274), (1307919, 10327), (1307952, 10328), (1317737, 10426), (1327265, 10494), (1331706, 10522), (1332646, 10528), (1337839, 10555), (1342132, 10594), (1356829, 10754), (1370947, 10868), (1375007, 10900), (1384216, 10983), (1401287, 11142), (1407538, 11198), (1408256, 11204), (1411432, 11234), (1452352, 11532), (1457965, 11578), (1460627, 11605), (1469779, 11687), (1471208, 11699), (1475153, 11731), (1481016, 11774), (1485132, 11799), (1509787, 12053), (1515617, 12103), (1516042, 12106), (1517312, 12127), (1517317, 12127), (1517580, 12132), (1517626, 12133), (1518069, 12141), (1524267, 12189), (1524273, 12189), (1529263, 12232), (1535131, 12283), (1543748, 12337), (1557723, 12481), (1575552, 12606), (1583963, 12650), (1583978, 12650), (1588158, 12681), (1590666, 12698), (1591662, 12702), (1591697, 12702), (1597569, 12733), (1611897, 12822), (1616837, 12868), (1620305, 12892), (1620636, 12896), (1625787, 12940), (1632398, 12990), (1634174, 13001), (1643263, 13073), (1646232, 13115), (1690555, 13392), (1710384, 13546), (1713839, 13570), (1716698, 13584), (1721541, 13616), (1732003, 13729), (1743098, 13831), (1744435, 13844), (1747831, 13867), (1749325, 13881), (1754422, 13928), (1757924, 13961), (1758757, 13971), (1763677, 14010), (1776405, 14142), (1780961, 14201), (1781215, 14206), (1786646, 14245), (1789252, 14261), (1796037, 14317), (1804332, 14392), (1814431, 14459), (1819044, 14495), (1819164, 14496), (1820805, 14506), (1823212, 14519), (1833688, 14579), (1851353, 14742), (1862245, 14919), (1863944, 14935), (1868917, 14973), (1878237, 15035), (1884324, 15095), (1890926, 15153), (1892068, 15163), (1897062, 15227), (1909891, 15314), (1914299, 15336), (1921671, 15378), (1925015, 15396), (1927487, 15409), (1929348, 15421), (1953217, 15637), (1954047, 15644), (1957017, 15664)])
sweet|(1, [(1550209, 12408)])
minuteness|(1, [(1317835, 10427)])
grotesquely|(1, [(1456756, 11571)])
tight|(3, [(466444, 3282), (797012, 5829), (1014036, 7612)])
actively|(1, [(843979, 6201)])
decidedly|(14, [(22290, 164), (497434, 3490), (675490, 4880), (691950, 5075), (847701, 6229), (873043, 6442), (1188084, 9068), (1531620, 12253), (1550862, 12412), (1639231, 13045), (1759203, 13976), (1861690, 14914), (1911374, 15319), (1938195, 15530)])
cordially|(4, [(742428, 5406), (1002869, 7504), (1422080, 11319), (1758435, 13967)])
long*|(1, [(1666778, 13228)])
astoundingly|(1, [(1626321, 12946)])
carefully|(61, [(29480, 301), (95270, 884), (98739, 900), (147777, 1191), (165471, 1309), (235704, 1834), (238264, 1849), (257809, 1962), (291233, 2156), (294502, 2176), (386239, 2793), (397291, 2861), (420817, 3008), (473425, 3323), (505840, 3543), (506962, 3551), (513011, 3585), (569919, 3949), (670109, 4813), (715506, 5231), (720329, 5266), (859683, 6347), (874705, 6454), (893612, 6572), (912022, 6757), (912076, 6758), (921240, 6841), (939459, 6978), (944875, 7037), (1000849, 7483), (1233561, 9552), (1241047, 9617), (1245103, 9658), (1257441, 9786), (1290600, 10113), (1290850, 10114), (1320140, 10442), (1339220, 10565), (1357714, 10760), (1363288, 10822), (1374039, 10888), (1415752, 11262), (1495542, 11904), (1548720, 12395), (1552292, 12424), (1565329, 12533), (1570050, 12578), (1602008, 12749), (1603517, 12756), (1613599, 12840), (1635537, 13010), (1639601, 13049), (1641091, 13057), (1693769, 13420), (1711470, 13552), (1743578, 13835), (1836626, 14598), (1841708, 14631), (1883279, 15087), (1940671, 15562), (1944063, 15584)])
succeeded–partly|(1, [(82865, 816)])
pungently|(2, [(1035488, 7909), (1608809, 12787)])
late|(11, [(119292, 1027), (252650, 1930), (363855, 2627), (718135, 5249), (827555, 6097), (928175, 6893), (1207501, 9309), (1222530, 9468), (1477720, 11747), (1858453, 14877), (1899457, 15251)])
therein|(4, [(63336, 568), (693706, 5098), (966999, 7213), (1439374, 11427)])
anywhere|(4, [(538429, 3754), (574786, 3979), (1008547, 7554), (1371494, 10869)])
dwell|(1, [(67449, 597)])
explicitly|(1, [(1014556, 7619)])
logically|(1, [(1888222, 15131)])
uncle–precisely|(1, [(1016226, 7663)])
sally|(3, [(1460235, 11598), (1463128, 11623), (1466899, 11664)])
troubled–of|(1, [(1415730, 11262)])
longitudinally|(1, [(1357717, 10760)])
vainly|(2, [(253663, 1940), (993596, 7421)])
cunningly|(2, [(1196125, 9134), (1196646, 9141)])
pretty|(10, [(20222, 136), (370373, 2675), (637879, 4430), (649043, 4562), (817348, 6015), (821836, 6051), (1237518, 9588), (1237560, 9589), (1541096, 12319), (1589219, 12689)])
rigorously|(6, [(1105202, 8501), (1352190, 10701), (1457793, 11576), (1619180, 12881), (1845003, 14650), (1956338, 15659)])
pardon|(1, [(214247, 1712)])
lifelessly|(1, [(1619170, 12881)])
not–for|(1, [(1829386, 14546)])
hereditarily|(1, [(747867, 5443)])
dally|(1, [(923779, 6856)])
cruelly|(3, [(319452, 2350), (658071, 4657), (1022651, 7725)])
–fully|(1, [(1868550, 14968)])
brother|(1, [(886883, 6526)])
resignedly|(1, [(1778468, 14167)])
interfere|(1, [(1744855, 13846)])
lightly|(1, [(639926, 4464)])
nondescript|(1, [(1570479, 12582)])
indeed|(270, [(722, 7), (8267, 58), (8847, 66), (9287, 68), (9515, 72), (9797, 73), (11262, 83), (11569, 85), (20209, 135), (36762, 362), (50648, 467), (61596, 558), (64511, 575), (66105, 588), (69136, 605), (80882, 807), (87742, 840), (91449, 862), (94981, 882), (99438, 904), (102555, 925), (105935, 942), (107147, 948), (108181, 960), (112680, 981), (116352, 1004), (119082, 1024), (119626, 1030), (124092, 1057), (128011, 1080), (134711, 1118), (135895, 1124), (142955, 1164), (149639, 1201), (154110, 1242), (156737, 1255), (159289, 1272), (162323, 1292), (167635, 1319), (170160, 1329), (173952, 1351), (176092, 1362), (199478, 1508), (204226, 1555), (207593, 1616), (207852, 1618), (213954, 1709), (221408, 1755), (222471, 1760), (224505, 1773), (227731, 1790), (237842, 1846), (240180, 1860), (241421, 1866), (253968, 1942), (254713, 1945), (260950, 1984), (272640, 2052), (288322, 2137), (290696, 2153), (305398, 2264), (313610, 2313), (338771, 2474), (367436, 2648), (378316, 2736), (386102, 2792), (393691, 2839), (403612, 2905), (403752, 2906), (408652, 2930), (422727, 3019), (428614, 3052), (429668, 3055), (440956, 3122), (443969, 3137), (446584, 3149), (453516, 3203), (457406, 3226), (472717, 3319), (483398, 3385), (484663, 3395), (489931, 3429), (506971, 3551), (508896, 3562), (510838, 3573), (518421, 3618), (539729, 3763), (554600, 3859), (555315, 3864), (563181, 3911), (566506, 3929), (569058, 3944), (571234, 3957), (571485, 3958), (582940, 4052), (584704, 4066), (588833, 4091), (607526, 4209), (639307, 4451), (647198, 4540), (651119, 4578), (661243, 4714), (664986, 4758), (668605, 4793), (683695, 4970), (687756, 5028), (695312, 5119), (696647, 5127), (700555, 5150), (701590, 5154), (707776, 5190), (717538, 5245), (720914, 5271), (721635, 5274), (723701, 5286), (728930, 5308), (736558, 5371), (737830, 5381), (741380, 5400), (746556, 5429), (751596, 5468), (753757, 5483), (755289, 5490), (761540, 5530), (763189, 5540), (764500, 5556), (769355, 5591), (774200, 5631), (775919, 5645), (779118, 5664), (780112, 5668), (782468, 5679), (783832, 5699), (784345, 5711), (793921, 5798), (810148, 5931), (810920, 5937), (845388, 6211), (849145, 6237), (857947, 6326), (859099, 6340), (879714, 6484), (882455, 6498), (884744, 6509), (890031, 6544), (919467, 6827), (920027, 6829), (920942, 6836), (939451, 6978), (961277, 7172), (961692, 7175), (963296, 7190), (987363, 7360), (1023390, 7740), (1023472, 7742), (1024433, 7774), (1024831, 7789), (1032846, 7886), (1066739, 8239), (1081342, 8345), (1092907, 8412), (1099721, 8458), (1101004, 8467), (1104366, 8496), (1114418, 8560), (1158497, 8861), (1162599, 8884), (1179185, 9005), (1183644, 9040), (1195476, 9127), (1213198, 9387), (1228309, 9507), (1229903, 9517), (1233540, 9552), (1243580, 9648), (1245496, 9662), (1260880, 9815), (1264335, 9849), (1278611, 10013), (1287417, 10085), (1303648, 10269), (1305536, 10292), (1318302, 10430), (1323602, 10473), (1326680, 10491), (1344179, 10631), (1351530, 10694), (1354059, 10725), (1355116, 10734), (1358413, 10773), (1361019, 10799), (1372210, 10876), (1374166, 10889), (1377986, 10942), (1379727, 10955), (1390243, 11039), (1408236, 11204), (1409262, 11215), (1413847, 11251), (1421809, 11316), (1424585, 11341), (1469884, 11688), (1470623, 11693), (1471364, 11700), (1479360, 11760), (1480711, 11772), (1484910, 11798), (1488702, 11840), (1500676, 11960), (1506375, 11998), (1516326, 12110), (1526017, 12202), (1539060, 12304), (1547451, 12385), (1556213, 12472), (1560635, 12502), (1581575, 12641), (1588530, 12683), (1594367, 12713), (1599027, 12738), (1600259, 12742), (1605287, 12763), (1608771, 12787), (1630998, 12981), (1632024, 12987), (1634161, 13001), (1635108, 13007), (1644583, 13077), (1680341, 13316), (1686526, 13359), (1687237, 13366), (1690627, 13393), (1695470, 13429), (1699164, 13455), (1711349, 13551), (1714711, 13574), (1725108, 13662), (1726667, 13673), (1741464, 13816), (1746031, 13852), (1747748, 13866), (1748363, 13871), (1755146, 13932), (1756333, 13941), (1765178, 14019), (1771671, 14075), (1771905, 14077), (1772102, 14088), (1776308, 14141), (1777805, 14157), (1791599, 14282), (1793876, 14299), (1794527, 14302), (1796783, 14323), (1802111, 14379), (1811486, 14442), (1818096, 14484), (1826772, 14535), (1827520, 14537), (1834148, 14583), (1841628, 14630), (1850718, 14734), (1855748, 14821), (1858258, 14863), (1867655, 14962), (1909791, 15313), (1916890, 15346), (1934138, 15484), (1937277, 15527), (1957896, 15668)])
likely|(8, [(53390, 486), (274668, 2060), (336668, 2459), (437962, 3102), (1045651, 8010), (1388186, 11024), (1433039, 11389), (1795791, 14315)])
absurdly|(2, [(849146, 6237), (1109329, 8528)])
zealously|(1, [(1833430, 14578)])
fer|(1, [(1269953, 9924)])
solemnly|(6, [(580913, 4039), (813330, 5976), (823978, 6065), (976158, 7268), (1078520, 8326), (1580817, 12636)])
cautiously|(13, [(473049, 3321), (513205, 3587), (832002, 6109), (1059427, 8179), (1059784, 8183), (1194857, 9124), (1194859, 9124), (1277119, 10002), (1335378, 10541), (1341015, 10583), (1392325, 11051), (1535873, 12286), (1879806, 15048)])
more|(2, [(539881, 3764), (1892139, 15164)])
'were|(1, [(1920933, 15373)])
aisy|(1, [(799335, 5837)])
advisedly|(1, [(1625948, 12941)])
arisen|(2, [(99956, 908), (490338, 3434)])
beneath|(1, [(1653698, 13164)])
emphatically|(1, [(1319805, 10438)])
clumsily|(3, [(49945, 461), (568198, 3938), (1719757, 13605)])
erewhile|(1, [(751409, 5467)])
nearer|(4, [(248433, 1904), (914944, 6792), (969158, 7228), (1340859, 10581)])
regardless|(1, [(558384, 3881)])
grandly|(1, [(1007516, 7548)])
somewhat|(101, [(42478, 412), (94072, 875), (111095, 971), (112662, 981), (145446, 1177), (165010, 1306), (177408, 1368), (179652, 1378), (234631, 1827), (261953, 1990), (264574, 2006), (265217, 2009), (287548, 2134), (298301, 2200), (302199, 2239), (314221, 2317), (315662, 2326), (338559, 2471), (340528, 2483), (348234, 2537), (359673, 2600), (361329, 2612), (364289, 2629), (401795, 2891), (404654, 2910), (418966, 2995), (429326, 3054), (449255, 3169), (459773, 3239), (465876, 3279), (499416, 3499), (501370, 3513), (501542, 3514), (536955, 3745), (566165, 3926), (611615, 4232), (616354, 4261), (616505, 4263), (643127, 4492), (650101, 4573), (665948, 4769), (680310, 4922), (693708, 5098), (735260, 5366), (748725, 5448), (759567, 5515), (781554, 5676), (810868, 5937), (814247, 5986), (816310, 6003), (834136, 6125), (846595, 6219), (847672, 6229), (854897, 6289), (855840, 6303), (866341, 6397), (873042, 6442), (901763, 6651), (931175, 6916), (942683, 7014), (1029745, 7861), (1036338, 7918), (1119070, 8594), (1122773, 8614), (1136459, 8714), (1156334, 8849), (1187589, 9066), (1206578, 9294), (1218445, 9431), (1260072, 9805), (1262555, 9825), (1276080, 9985), (1282027, 10048), (1296974, 10178), (1306022, 10296), (1306699, 10306), (1320118, 10442), (1332562, 10527), (1347381, 10657), (1372713, 10878), (1404793, 11178), (1424579, 11341), (1424589, 11341), (1441899, 11452), (1450273, 11516), (1525512, 12197), (1544025, 12341), (1552728, 12426), (1566881, 12550), (1592288, 12703), (1637986, 13025), (1674008, 13283), (1693259, 13417), (1705224, 13493), (1715188, 13576), (1761167, 13994), (1826716, 14535), (1894217, 15193), (1939631, 15556), (1953576, 15640), (1955262, 15651)])
arose|(12, [(25649, 237), (493628, 3468), (831250, 6104), (841333, 6182), (901936, 6652), (987307, 7360), (1080584, 8340), (1458567, 11583), (1478008, 11750), (1594940, 12717), (1810070, 14430), (1955591, 15653)])
–brevet|(1, [(679659, 4918)])
deadly|(7, [(8772, 65), (464377, 3269), (522427, 3644), (889335, 6541), (1045608, 8009), (1221844, 9458), (1493414, 11881)])
deliciously|(3, [(637868, 4430), (659647, 4686), (1964362, 15708)])
incautiously|(1, [(239320, 1855)])
mysteriously|(2, [(500582, 3509), (993485, 7420)])
delicately|(1, [(1899199, 15249)])
exultingly|(1, [(1421802, 11316)])
effectually|(12, [(144654, 1173), (313440, 2311), (495039, 3477), (501074, 3512), (501745, 3515), (520635, 3633), (530035, 3702), (754517, 5486), (1215045, 9395), (1382487, 10972), (1776030, 14140), (1808711, 14418)])
easily|(73, [(35450, 350), (41583, 406), (87080, 837), (116357, 1004), (144121, 1170), (146954, 1185), (156409, 1253), (194422, 1480), (252313, 1928), (253958, 1942), (297086, 2192), (326446, 2390), (331304, 2420), (334660, 2449), (343635, 2503), (346667, 2525), (388707, 2810), (407154, 2922), (413396, 2956), (450013, 3174), (519399, 3625), (528384, 3689), (535733, 3738), (542235, 3776), (556679, 3871), (557475, 3875), (579371, 4021), (585383, 4069), (591249, 4104), (594457, 4122), (600757, 4171), (639466, 4458), (644055, 4504), (706978, 5183), (709685, 5207), (735342, 5366), (741155, 5399), (743071, 5408), (754226, 5484), (758853, 5511), (779609, 5666), (845484, 6212), (845906, 6215), (920039, 6829), (1017415, 7681), (1019076, 7694), (1085847, 8374), (1134274, 8699), (1160718, 8873), (1164138, 8896), (1252579, 9754), (1271750, 9945), (1290592, 10113), (1293252, 10142), (1293872, 10150), (1305712, 10294), (1382209, 10971), (1421011, 11308), (1423753, 11331), (1426939, 11354), (1442623, 11462), (1477042, 11744), (1548470, 12392), (1557706, 12481), (1603903, 12758), (1691721, 13405), (1742063, 13819), (1775798, 14130), (1811405, 14441), (1859805, 14901), (1875967, 15015), (1905297, 15281), (1918260, 15355)])
indissolubly|(1, [(1423320, 11326)])
nevertheless|(51, [(10979, 82), (81657, 810), (120598, 1036), (155334, 1246), (156405, 1253), (174562, 1354), (175084, 1357), (179218, 1376), (179910, 1380), (189467, 1429), (216131, 1722), (268673, 2028), (304503, 2255), (368890, 2664), (390832, 2823), (394622, 2844), (499421, 3499), (553973, 3854), (572721, 3966), (606350, 4204), (626600, 4326), (696148, 5125), (707303, 5185), (753545, 5481), (866306, 6397), (868330, 6418), (873284, 6443), (911614, 6754), (1000022, 7478), (1061353, 8197), (1084770, 8369), (1131927, 8683), (1166004, 8914), (1383866, 10982), (1476378, 11740), (1478830, 11757), (1481787, 11776), (1497426, 11928), (1512168, 12070), (1562646, 12516), (1578038, 12622), (1624216, 12926), (1632741, 12993), (1662762, 13198), (1679572, 13311), (1781422, 14208), (1794176, 14300), (1800888, 14368), (1848161, 14684), (1869830, 14978), (1940970, 15564)])
violently|(33, [(239181, 1854), (259389, 1974), (280277, 2085), (292946, 2167), (295770, 2183), (296843, 2190), (309203, 2291), (470627, 3305), (489582, 3424), (494866, 3476), (519878, 3628), (553510, 3851), (590339, 4099), (596013, 4137), (608584, 4213), (750708, 5463), (756955, 5502), (768080, 5576), (790276, 5759), (857729, 6323), (880039, 6485), (925359, 6868), (1029692, 7860), (1043854, 7989), (1244313, 9651), (1269247, 9911), (1284040, 10064), (1374426, 10891), (1494951, 11898), (1741182, 13813), (1857195, 14841), (1895462, 15211), (1905919, 15286)])
lower|(1, [(878042, 6474)])
thou|(1, [(29229, 300)])
decomposition–more|(1, [(1163530, 8891)])
monarch|(1, [(187315, 1418)])
laughed–they|(1, [(1746985, 13861)])
very|(20, [(207295, 1612), (214516, 1715), (368220, 2656), (846580, 6219), (1056503, 8142), (1251935, 9745), (1268069, 9899), (1271749, 9945), (1304357, 10278), (1304974, 10286), (1308430, 10332), (1353863, 10723), (1386317, 11013), (1459291, 11589), (1473045, 11711), (1483378, 11786), (1560250, 12498), (1758794, 13972), (1863911, 14934), (1918232, 15355)])
hourly|(11, [(61973, 562), (62889, 566), (157051, 1257), (169090, 1325), (787559, 5737), (991522, 7394), (1020868, 7711), (1130753, 8673), (1287757, 10089), (1724404, 13655), (1729436, 13708)])
happily|(7, [(198494, 1501), (317516, 2339), (323128, 2371), (1597387, 12732), (1624591, 12928), (1650515, 13143), (1759272, 13978)])
opportunely|(3, [(375383, 2718), (547244, 3805), (1103862, 8492)])
thirst|(1, [(450422, 3177)])
sorely|(2, [(430018, 3056), (1237921, 9594)])
sought–and|(1, [(1811748, 14444)])
discordantly|(1, [(827841, 6097)])
fearfully|(16, [(57864, 517), (219153, 1740), (305357, 2263), (451478, 3184), (521745, 3639), (636073, 4402), (783705, 5696), (783804, 5698), (783806, 5698), (827760, 6097), (893854, 6573), (918319, 6819), (1463146, 11623), (1468032, 11674), (1623782, 12923), (1929114, 15418)])
eccentrically|(1, [(984833, 7345)])
humbly|(1, [(1893394, 15176)])
afther|(6, [(798853, 5836), (798912, 5836), (800902, 5846), (803330, 5862), (804483, 5868), (805039, 5869)])
amply|(4, [(313884, 2315), (1070272, 8267), (1168089, 8936), (1303971, 10272)])
sturdily|(1, [(724228, 5288)])
n'ose|(1, [(24641, 212)])
definitely|(4, [(995339, 7441), (1096354, 8439), (1454534, 11552), (1846972, 14661)])
paragrab|(1, [(1930324, 15433)])
uncourtly|(1, [(738553, 5385)])
partly|(14, [(82882, 816), (358206, 2592), (539907, 3764), (539919, 3764), (619667, 4284), (619672, 4284), (916173, 6801), (916178, 6801), (1087886, 8385), (1087901, 8385), (1285170, 10071), (1459756, 11594), (1466195, 11659), (1663493, 13207)])
literally|(7, [(104870, 935), (161278, 1287), (435419, 3087), (446822, 3151), (1047982, 8032), (1602645, 12751), (1877604, 15031)])
understood|(1, [(680592, 4923)])
openly|(7, [(742146, 5404), (742900, 5407), (1340005, 10573), (1348686, 10664), (1547811, 12388), (1816409, 14474), (1935084, 15495)])
always|(110, [(24544, 210), (41712, 407), (68542, 603), (87889, 842), (197141, 1496), (287571, 2134), (324726, 2380), (356767, 2584), (377151, 2730), (400960, 2885), (403309, 2902), (412918, 2953), (417251, 2985), (434908, 3083), (487359, 3410), (551154, 3831), (563565, 3913), (584228, 4064), (637539, 4429), (638076, 4432), (650595, 4575), (652510, 4593), (665148, 4759), (709563, 5206), (710091, 5208), (716154, 5235), (738548, 5385), (782042, 5678), (793810, 5795), (813786, 5981), (819295, 6031), (822378, 6056), (823632, 6063), (845233, 6210), (846377, 6218), (849409, 6238), (880607, 6487), (887518, 6530), (890411, 6546), (893589, 6572), (896278, 6593), (897328, 6604), (899602, 6628), (899850, 6629), (925699, 6872), (950378, 7075), (956900, 7129), (972208, 7242), (983583, 7335), (1002012, 7495), (1003983, 7510), (1012962, 7601), (1025205, 7794), (1059936, 8184), (1094651, 8429), (1101794, 8471), (1102547, 8477), (1102680, 8478), (1121156, 8608), (1121429, 8609), (1178392, 8999), (1181134, 9024), (1195097, 9125), (1276970, 9998), (1321159, 10453), (1334514, 10537), (1369710, 10863), (1372065, 10875), (1390024, 11037), (1402823, 11164), (1404549, 11177), (1408245, 11204), (1409466, 11217), (1431416, 11381), (1431448, 11381), (1453100, 11540), (1468438, 11678), (1469589, 11683), (1485145, 11799), (1515928, 12105), (1516092, 12107), (1535562, 12285), (1553914, 12448), (1576705, 12615), (1578343, 12625), (1584022, 12650), (1591730, 12702), (1610771, 12811), (1620796, 12897), (1638788, 13033), (1673662, 13281), (1698222, 13449), (1732831, 13736), (1760679, 13990), (1770072, 14065), (1775618, 14129), (1777814, 14158), (1777900, 14159), (1791393, 14280), (1796026, 14317), (1802615, 14384), (1807681, 14412), (1840040, 14619), (1862027, 14918), (1877622, 15031), (1882726, 15083), (1894467, 15196), (1925620, 15399), (1930797, 15440), (1931661, 15455)])
laugh|(1, [(1810709, 14434)])
just|(13, [(54788, 495), (335415, 2452), (857453, 6320), (939632, 6979), (995898, 7445), (1023502, 7743), (1235257, 9570), (1264563, 9851), (1441892, 11452), (1484664, 11797), (1702448, 13476), (1841442, 14629), (1889505, 15142)])
deliberately|(11, [(8585, 63), (50499, 465), (253346, 1938), (529622, 3699), (530798, 3708), (1297576, 10184), (1329009, 10506), (1387914, 11023), (1553401, 12441), (1810042, 14430), (1826749, 14535)])
fastidiously|(1, [(1943423, 15580)])
higher|(1, [(878617, 6479)])
swimmingly|(2, [(137043, 1131), (815644, 5997)])
innocently|(1, [(1621005, 12898)])
fiercely|(4, [(521231, 3635), (836768, 6147), (1894834, 15199), (1907354, 15297)])
virtually|(3, [(1277749, 10005), (1419445, 11291), (1536128, 12287)])
thus|(370, [(15630, 101), (19174, 122), (25958, 241), (28169, 276), (33014, 338), (37153, 364), (60927, 553), (63681, 569), (67688, 598), (83251, 818), (83567, 819), (94310, 877), (94874, 881), (97492, 893), (110219, 967), (115026, 994), (119748, 1031), (122634, 1049), (123451, 1053), (129626, 1091), (131707, 1102), (134342, 1116), (135078, 1121), (137386, 1133), (141333, 1156), (142157, 1160), (145594, 1178), (158393, 1269), (159612, 1275), (186314, 1412), (206515, 1595), (218021, 1733), (223541, 1767), (224656, 1774), (230912, 1807), (235227, 1831), (237430, 1844), (269147, 2032), (271287, 2044), (277457, 2072), (283959, 2114), (284897, 2118), (295665, 2182), (301330, 2233), (312302, 2305), (322413, 2367), (323713, 2373), (325197, 2382), (335069, 2450), (352691, 2561), (358215, 2592), (388297, 2807), (396901, 2859), (409309, 2936), (416001, 2978), (424073, 3026), (429337, 3054), (436697, 3095), (442883, 3132), (455561, 3214), (460894, 3248), (461925, 3256), (467125, 3285), (473825, 3326), (480140, 3365), (482829, 3383), (483798, 3388), (502197, 3517), (503275, 3525), (508878, 3562), (514312, 3596), (515484, 3604), (515537, 3604), (515922, 3605), (533940, 3732), (541810, 3775), (546337, 3798), (547438, 3806), (553418, 3850), (562680, 3909), (564433, 3917), (565119, 3920), (598359, 4158), (607393, 4208), (615824, 4257), (625319, 4318), (636385, 4406), (636956, 4426), (645563, 4520), (656376, 4634), (663267, 4738), (664292, 4750), (667948, 4783), (669073, 4805), (669210, 4806), (672729, 4851), (698430, 5137), (699222, 5139), (700307, 5147), (700309, 5147), (701567, 5154), (703070, 5162), (703765, 5165), (704121, 5166), (706388, 5180), (711368, 5211), (716506, 5237), (720324, 5266), (727913, 5304), (739129, 5387), (742406, 5406), (746785, 5432), (746791, 5432), (751417, 5467), (751428, 5467), (751716, 5469), (752895, 5478), (759098, 5512), (765872, 5564), (768073, 5576), (769514, 5593), (770894, 5601), (793145, 5785), (822603, 6057), (827308, 6095), (830670, 6101), (840779, 6178), (849134, 6237), (851961, 6257), (858675, 6335), (872514, 6440), (876711, 6465), (879365, 6482), (883886, 6505), (890944, 6551), (891113, 6553), (892559, 6564), (914220, 6786), (915989, 6799), (918118, 6818), (925647, 6871), (938266, 6968), (940776, 6992), (942883, 7015), (946243, 7050), (946795, 7054), (947806, 7060), (954136, 7106), (955421, 7115), (958424, 7144), (963458, 7190), (967149, 7214), (967171, 7214), (967949, 7221), (968105, 7222), (968170, 7222), (973396, 7248), (973600, 7250), (982176, 7322), (983692, 7336), (984188, 7341), (990712, 7388), (993500, 7420), (993892, 7424), (994793, 7437), (997083, 7453), (999313, 7471), (1001587, 7493), (1009705, 7566), (1011981, 7592), (1018270, 7689), (1022018, 7723), (1025105, 7793), (1025600, 7799), (1026877, 7815), (1026892, 7815), (1028989, 7854), (1033451, 7891), (1033781, 7894), (1040524, 7952), (1050792, 8069), (1063867, 8214), (1064121, 8218), (1065103, 8226), (1067417, 8242), (1074706, 8300), (1076220, 8311), (1080079, 8338), (1080279, 8339), (1089608, 8397), (1092702, 8411), (1097837, 8446), (1099371, 8456), (1099871, 8459), (1103385, 8486), (1107675, 8520), (1108060, 8521), (1109023, 8527), (1109290, 8528), (1113805, 8555), (1115916, 8572), (1119574, 8598), (1122245, 8611), (1125687, 8631), (1131798, 8682), (1133327, 8692), (1138562, 8725), (1141046, 8740), (1144637, 8774), (1146195, 8785), (1150336, 8813), (1150528, 8815), (1152979, 8830), (1157148, 8853), (1157418, 8855), (1158886, 8864), (1159971, 8868), (1160706, 8873), (1162449, 8883), (1171001, 8952), (1182880, 9036), (1187263, 9065), (1194304, 9111), (1212589, 9384), (1214033, 9390), (1232443, 9539), (1234220, 9557), (1247270, 9690), (1248698, 9702), (1249648, 9711), (1277596, 10004), (1281633, 10046), (1284991, 10070), (1285867, 10077), (1291863, 10122), (1303779, 10270), (1320791, 10448), (1324333, 10476), (1325108, 10479), (1326359, 10488), (1329743, 10512), (1330776, 10518), (1337296, 10554), (1338932, 10563), (1342614, 10601), (1343233, 10611), (1347076, 10654), (1348435, 10662), (1351129, 10689), (1364857, 10831), (1365264, 10834), (1366391, 10843), (1370886, 10868), (1373570, 10884), (1380417, 10960), (1380615, 10962), (1382191, 10971), (1383649, 10980), (1386967, 11017), (1387263, 11018), (1391083, 11045), (1396730, 11089), (1399359, 11120), (1403501, 11170), (1406207, 11188), (1407542, 11198), (1410851, 11231), (1411342, 11233), (1412148, 11239), (1417605, 11280), (1423863, 11333), (1430918, 11377), (1443818, 11473), (1447483, 11496), (1448662, 11505), (1449160, 11508), (1449194, 11508), (1458103, 11579), (1475686, 11735), (1481773, 11776), (1486322, 11808), (1496103, 11908), (1500429, 11958), (1500602, 11959), (1500607, 11959), (1509294, 12047), (1516792, 12117), (1517253, 12126), (1517314, 12127), (1519175, 12149), (1523896, 12183), (1523985, 12184), (1524343, 12190), (1525926, 12201), (1547331, 12383), (1558789, 12487), (1559799, 12496), (1561867, 12511), (1566666, 12549), (1568473, 12566), (1569510, 12574), (1576745, 12615), (1584499, 12651), (1593791, 12708), (1594772, 12716), (1596831, 12729), (1629116, 12968), (1635126, 13007), (1637021, 13019), (1642350, 13068), (1644246, 13076), (1644273, 13076), (1649511, 13137), (1657488, 13180), (1658675, 13184), (1669802, 13256), (1692792, 13411), (1693499, 13419), (1694925, 13427), (1696803, 13440), (1698560, 13450), (1720237, 13609), (1723801, 13650), (1726110, 13667), (1727926, 13679), (1728336, 13690), (1729574, 13711), (1732664, 13735), (1733432, 13740), (1735788, 13767), (1738443, 13786), (1739711, 13803), (1741661, 13817), (1741941, 13818), (1743152, 13832), (1757137, 13953), (1757424, 13956), (1763309, 14004), (1766720, 14038), (1771100, 14072), (1771108, 14072), (1771117, 14072), (1785414, 14237), (1789593, 14265), (1795087, 14308), (1803264, 14387), (1807359, 14408), (1807526, 14409), (1808316, 14416), (1811887, 14445), (1824100, 14522), (1824463, 14523), (1825742, 14530), (1827509, 14537), (1840898, 14624), (1848315, 14689), (1854212, 14805), (1879743, 15048), (1883408, 15088), (1886102, 15111), (1890709, 15151), (1899719, 15253), (1904459, 15277), (1921041, 15374), (1925611, 15399), (1930977, 15441), (1938190, 15530), (1952546, 15632), (1959787, 15679), (1962887, 15698)])
imperatively|(3, [(1330345, 10514), (1373540, 10884), (1547671, 12387)])
longer|(68, [(3324, 20), (30030, 306), (60672, 549), (62086, 563), (69236, 606), (117143, 1010), (126694, 1074), (137063, 1131), (142180, 1160), (151184, 1215), (156763, 1255), (221415, 1755), (228762, 1794), (260366, 1980), (269894, 2037), (274923, 2061), (280570, 2087), (295775, 2183), (310847, 2301), (377750, 2734), (405425, 2914), (434608, 3082), (451935, 3188), (487174, 3409), (491831, 3448), (519063, 3623), (595579, 4132), (596617, 4146), (630344, 4355), (642311, 4485), (670503, 4817), (771260, 5605), (789248, 5747), (836715, 6146), (890928, 6551), (922229, 6845), (990088, 7383), (997486, 7456), (1003451, 7507), (1039992, 7949), (1181875, 9028), (1196278, 9136), (1199292, 9184), (1203515, 9242), (1218598, 9432), (1297384, 10182), (1298184, 10189), (1440676, 11438), (1454801, 11557), (1485943, 11806), (1491458, 11864), (1493085, 11880), (1495210, 11900), (1511393, 12065), (1563969, 12523), (1574492, 12603), (1579610, 12633), (1586334, 12666), (1612444, 12828), (1750311, 13892), (1750856, 13899), (1786288, 14242), (1796481, 14319), (1796951, 14324), (1844786, 14647), (1898455, 15241), (1939818, 15557), (1942882, 15575)])
unceasingly|(2, [(717544, 5245), (1044219, 7994)])
view–thus|(1, [(1958529, 15674)])
irrevocably|(2, [(172458, 1341), (1413730, 11250)])
meekly|(1, [(1708672, 13525)])
northwest|(1, [(354992, 2572)])
swore|(4, [(30209, 308), (246341, 1891), (573200, 3969), (1010546, 7576)])
inconveniently|(1, [(1966931, 15723)])
listlessly|(2, [(327744, 2398), (1235435, 9571)])
backward|(4, [(1532640, 12260), (1594265, 12712), (1645981, 13111), (1740012, 13805)])
loose|(10, [(231731, 1811), (502609, 3520), (578245, 4011), (597517, 4151), (863535, 6376), (922398, 6847), (1306062, 10297), (1404355, 11176), (1434999, 11400), (1777231, 14150)])
–god|(1, [(32260, 332)])
end–there|(1, [(1017601, 7683)])
glaringly|(1, [(1074530, 8299)])
spasmodically|(1, [(1044367, 7997)])
relentlessly|(1, [(1043776, 7987)])
'wery|(1, [(1931197, 15448)])
instead|(14, [(96422, 891), (96458, 891), (646237, 4531), (878435, 6477), (992547, 7407), (1103390, 8486), (1154488, 8839), (1258464, 9794), (1259989, 9804), (1557977, 12483), (1559826, 12496), (1681832, 13329), (1687688, 13369), (1775623, 14129)])
superficially|(1, [(1017239, 7680)])
comfortably|(3, [(315664, 2326), (568679, 3941), (844939, 6208)])
hung|(1, [(463737, 3265)])
it–that|(1, [(1022410, 7724)])
demoniacally|(1, [(1739694, 13803)])
dangerously|(2, [(834138, 6125), (1779093, 14174)])
yell|(1, [(172186, 1340)])
excellently|(1, [(1293955, 10151)])
near|(3, [(112359, 978), (695350, 5120), (1071012, 8276)])
affectedly|(2, [(883552, 6503), (1888617, 15135)])
promiscuously|(3, [(195548, 1487), (1225811, 9487), (1854089, 14804)])
respectably|(1, [(820036, 6038)])
–precisely|(2, [(114772, 993), (1016018, 7659)])
individually|(3, [(982032, 7320), (1102665, 8478), (1918897, 15360)])
refinedly|(3, [(612776, 4243), (627379, 4332), (628551, 4339)])
jauntily|(1, [(131422, 1101)])
designedly|(1, [(669406, 4807)])
widely|(3, [(1792845, 14292), (1840954, 14625), (1949211, 15616)])
belong|(1, [(201782, 1531)])
tremendously|(3, [(296188, 2185), (610137, 4222), (1540200, 12313)])
rapidly|(50, [(29235, 300), (49027, 453), (53496, 487), (97308, 892), (99592, 906), (107244, 950), (108669, 963), (119118, 1025), (122640, 1049), (135879, 1124), (153747, 1239), (271107, 2043), (277469, 2072), (280455, 2086), (283325, 2108), (292938, 2167), (293389, 2170), (445034, 3142), (458302, 3230), (469471, 3299), (474261, 3329), (476558, 3341), (480655, 3368), (719355, 5256), (732156, 5342), (736813, 5373), (744403, 5413), (837982, 6157), (850918, 6249), (918146, 6818), (968116, 7222), (1053520, 8108), (1063387, 8210), (1392545, 11052), (1429325, 11369), (1433307, 11390), (1435459, 11402), (1438695, 11422), (1462856, 11622), (1478548, 11755), (1545260, 12359), (1545497, 12360), (1560617, 12502), (1564643, 12527), (1564651, 12527), (1591073, 12700), (1654182, 13167), (1751697, 13907), (1799887, 14357), (1827208, 14536)])
tempestuously|(1, [(224519, 1773)])
precisely–precisely|(1, [(1016635, 7673)])
intirely|(3, [(798301, 5834), (801424, 5848), (802437, 5854)])
barely|(14, [(86245, 831), (310695, 2300), (426157, 3037), (428273, 3049), (508627, 3561), (512843, 3584), (517440, 3612), (546589, 3799), (675618, 4881), (726693, 5300), (954455, 7108), (1019551, 7699), (1350727, 10686), (1800855, 14367)])
chilly|(4, [(515914, 3605), (1208289, 9321), (1234728, 9563), (1484361, 11793)])
heir|(1, [(1684733, 13341)])
implicitly|(3, [(67014, 595), (1272691, 9962), (1924935, 15395)])
open|(1, [(1346967, 10653)])
xnly|(1, [(1932769, 15463)])
close|(50, [(46454, 439), (127799, 1079), (133839, 1113), (163771, 1300), (175859, 1361), (176814, 1365), (224491, 1773), (235919, 1836), (249057, 1907), (251522, 1924), (284314, 2116), (300122, 2222), (316770, 2335), (333146, 2438), (335214, 2451), (348019, 2535), (351330, 2554), (375393, 2718), (398493, 2867), (490567, 3436), (507400, 3553), (521201, 3635), (521736, 3639), (599772, 4167), (629909, 4351), (633930, 4386), (635256, 4395), (635703, 4399), (636191, 4403), (650114, 4573), (675313, 4879), (690116, 5051), (834327, 6127), (853130, 6269), (871283, 6435), (891773, 6557), (927365, 6885), (930190, 6909), (1000218, 7479), (1045163, 8004), (1057485, 8155), (1235212, 9569), (1456748, 11571), (1473517, 11717), (1645311, 13092), (1666844, 13228), (1677724, 13299), (1689860, 13386), (1780450, 14197), (1912006, 15323)])
newly|(4, [(176807, 1365), (178874, 1375), (1107129, 8517), (1543742, 12337)])
unsteadily|(1, [(1855033, 14812)])
ruthlessly|(1, [(1839900, 14618)])
correctly|(1, [(884367, 6506)])
warm–unusually|(1, [(81344, 809)])
imploringly|(1, [(689015, 5039)])
you–you–you|(1, [(1375684, 10908)])
sixthly|(1, [(179441, 1377)])
uncourteously|(1, [(1529680, 12235)])
mus|(1, [(1276377, 9988)])
loftily|(1, [(18024, 112)])
peevishly|(2, [(1244135, 9650), (1700982, 13471)])
assure|(1, [(1859785, 14901)])
rougher|(1, [(1734811, 13756)])
fat|(1, [(1892152, 15164)])
alongside|(3, [(384398, 2781), (385165, 2787), (407169, 2922)])
home|(1, [(1309151, 10339)])
undoubtedly–that|(1, [(1942297, 15573)])
irrecoverably|(1, [(494018, 3471)])
objects–such|(1, [(390447, 2821)])
–very|(1, [(1772100, 14088)])
inconceivably|(2, [(1498710, 11941), (1649246, 13135)])
wonderfully|(12, [(31816, 327), (288899, 2141), (294620, 2178), (415436, 2976), (679502, 4913), (682828, 4955), (1428466, 11362), (1505339, 11996), (1542327, 12327), (1693252, 13417), (1794746, 14304), (1886078, 15111)])
around|(15, [(140612, 1154), (230063, 1802), (519543, 3626), (755724, 5494), (783540, 5693), (833929, 6123), (843316, 6196), (894638, 6579), (897801, 6609), (909024, 6724), (1080581, 8340), (1108755, 8524), (1142368, 8751), (1291218, 10118), (1387667, 11021)])
unwell|(1, [(1271151, 9935)])
secretly|(4, [(272972, 2054), (276361, 2068), (779591, 5666), (1769122, 14062)])
thickly|(4, [(311857, 2304), (369159, 2666), (1688791, 13381), (1836283, 14596)])
agreeably|(1, [(134785, 1119)])
abnormally|(3, [(1451695, 11527), (1536809, 12292), (1841138, 14627)])
–wonderfully|(1, [(687532, 5023)])
absolute|(1, [(940777, 6992)])
sharply|(4, [(17354, 109), (153187, 1237), (973593, 7250), (1323899, 10474)])
falsely|(2, [(765395, 5561), (1804482, 14393)])
–just|(1, [(1022892, 7729)])
strongly|(17, [(34196, 343), (216596, 1724), (314437, 2318), (386587, 2796), (391524, 2827), (521760, 3639), (760148, 5522), (787816, 5738), (950562, 7077), (1169352, 8944), (1191576, 9098), (1337317, 10554), (1441775, 11451), (1462327, 11617), (1565886, 12540), (1735947, 13768), (1792405, 14290)])
triumphantly|(3, [(1109303, 8528), (1291219, 10118), (1917464, 15352)])
uneasily|(2, [(718520, 5252), (1478024, 11750)])
luckily|(15, [(97808, 894), (224176, 1770), (246332, 1891), (302196, 2239), (328107, 2400), (430023, 3056), (458847, 3233), (502689, 3521), (514844, 3600), (520049, 3629), (601892, 4178), (835686, 6138), (1221465, 9452), (1483608, 11787), (1851946, 14754)])
cause|(1, [(1740923, 13812)])
speculatively|(1, [(1911067, 15318)])
immeasurably|(3, [(756924, 5502), (871400, 6436), (1843961, 14643)])
parallel|(7, [(146005, 1180), (335073, 2450), (433011, 3072), (458311, 3230), (1103164, 8483), (1655510, 13174), (1664165, 13212)])
essentially|(8, [(6058, 40), (103755, 930), (107846, 958), (109538, 966), (143927, 1169), (391922, 2828), (1510822, 12062), (1865082, 14942)])
originally|(22, [(49307, 457), (549052, 3817), (653630, 4602), (663273, 4738), (823266, 6061), (953396, 7100), (957938, 7140), (1121406, 8609), (1150031, 8811), (1155876, 8846), (1185946, 9057), (1186609, 9061), (1286813, 10082), (1290629, 10113), (1439355, 11427), (1489581, 11848), (1548529, 12393), (1580361, 12635), (1695726, 13430), (1710485, 13547), (1784571, 14232), (1909210, 15309)])
unfortunately|(5, [(148071, 1193), (660199, 4696), (671455, 4830), (861083, 6356), (1559283, 12493)])
tenderly|(1, [(701597, 5154)])
nervous–drank|(1, [(1534841, 12281)])
swiftly|(3, [(436567, 3094), (841179, 6181), (1459607, 11592)])
truly|(19, [(68417, 602), (477827, 3349), (487160, 3409), (619083, 4282), (676380, 4893), (677771, 4904), (688794, 5036), (756652, 5499), (890416, 6546), (979827, 7303), (1250418, 9727), (1280187, 10030), (1502289, 11976), (1522281, 12172), (1524548, 12192), (1570655, 12583), (1708944, 13529), (1771487, 14074), (1887313, 15123)])
prudently|(1, [(473892, 3327)])
indefinitely|(4, [(105796, 941), (111151, 972), (1707170, 13509), (1724872, 13660)])
indubitably|(1, [(1498610, 11940)])
eleven|(5, [(578003, 4008), (591409, 4105), (836080, 6142), (1389769, 11033), (1705111, 13491)])
apart|(13, [(42310, 411), (467736, 3289), (652522, 4593), (726152, 5296), (1160355, 8871), (1328481, 10503), (1484877, 11798), (1487468, 11831), (1624205, 12926), (1718008, 13593), (1718500, 13595), (1900633, 15260), (1962247, 15693)])
equally|(23, [(15231, 98), (85296, 826), (218554, 1736), (237946, 1847), (240520, 1862), (243242, 1874), (532255, 3722), (644040, 4504), (754691, 5487), (920485, 6833), (996108, 7446), (1081233, 8344), (1090393, 8403), (1103269, 8485), (1176381, 8983), (1223486, 9475), (1271980, 9948), (1634625, 13005), (1659728, 13186), (1670204, 13258), (1683370, 13337), (1730578, 13721), (1847226, 14664)])
plates–as|(1, [(1621922, 12907)])
anxiously|(6, [(125558, 1066), (219800, 1745), (306807, 2275), (670111, 4813), (767465, 5573), (836461, 6145)])
ten|(2, [(952177, 7090), (1777657, 14154)])
badly|(1, [(239325, 1855)])
jolly|(5, [(167165, 1317), (272651, 2052), (566508, 3929), (1592859, 12704), (1750938, 13900)])
dis|(1, [(1216675, 9412)])
darkly|(2, [(1407101, 11195), (1938191, 15530)])
generously|(1, [(1755531, 13935)])
furiously|(14, [(81732, 810), (92105, 866), (230952, 1807), (308517, 2288), (309441, 2293), (520837, 3634), (672080, 4838), (730228, 5324), (769026, 5587), (1043856, 7989), (1073349, 8288), (1589251, 12689), (1896002, 15216), (1912143, 15324)])
upon|(10, [(261121, 1985), (503598, 3527), (508353, 3558), (536088, 3740), (698305, 5136), (914939, 6792), (1048092, 8033), (1532622, 12260), (1536337, 12289), (1889742, 15143)])
shortly|(22, [(119755, 1031), (228407, 1793), (230561, 1805), (232156, 1813), (241925, 1869), (272161, 2050), (357377, 2587), (444876, 3141), (496694, 3487), (581682, 4044), (582942, 4052), (655512, 4619), (811884, 5946), (879743, 6484), (1028577, 7851), (1112580, 8548), (1167402, 8929), (1382201, 10971), (1402561, 11161), (1432792, 11387), (1621330, 12900), (1723987, 13651)])
miserably|(3, [(8459, 61), (495694, 3481), (523172, 3651)])
crustily|(1, [(597725, 4153)])
eastward|(1, [(375388, 2718)])
precisely|(57, [(4392, 27), (106696, 945), (147785, 1191), (248636, 1905), (278911, 2078), (281314, 2094), (426142, 3037), (454680, 3208), (460881, 3248), (486902, 3407), (509122, 3563), (627159, 4330), (654045, 4607), (661933, 4722), (756120, 5496), (781562, 5676), (839154, 6166), (868509, 6419), (923257, 6852), (1007409, 7547), (1015916, 7649), (1016201, 7662), (1023948, 7753), (1025728, 7800), (1104423, 8496), (1104429, 8496), (1151901, 8823), (1181288, 9025), (1202885, 9234), (1258612, 9795), (1316717, 10421), (1332241, 10526), (1347671, 10659), (1360150, 10792), (1422738, 11322), (1443815, 11473), (1498475, 11938), (1556707, 12475), (1566167, 12544), (1568804, 12570), (1575648, 12608), (1582616, 12645), (1588159, 12681), (1593166, 12705), (1628666, 12966), (1639020, 13041), (1643707, 13075), (1656272, 13177), (1691382, 13403), (1712959, 13564), (1720071, 13608), (1750860, 13899), (1788601, 14258), (1797479, 14329), (1825617, 14529), (1902786, 15270), (1929130, 15418)])
feather|(1, [(1668904, 13245)])
beautifully|(2, [(1438792, 11423), (1887133, 15122)])
hastily|(4, [(422308, 3016), (1130078, 8668), (1196404, 9137), (1477991, 11750)])
well-especially|(1, [(1748875, 13878)])
reward|(1, [(1314360, 10402)])
aback|(2, [(586891, 4077), (884910, 6510)])
respectively|(2, [(85696, 828), (154125, 1242)])
quietly|(21, [(9335, 70), (158376, 1269), (202234, 1539), (573039, 3968), (589353, 4094), (746046, 5424), (857403, 6319), (857455, 6320), (949865, 7073), (998651, 7464), (1057521, 8156), (1260088, 9805), (1340392, 10578), (1390518, 11041), (1432219, 11384), (1560668, 12502), (1564735, 12528), (1598793, 12737), (1698555, 13450), (1717024, 13585), (1927527, 15409)])
'most|(1, [(1610643, 12809)])
deeply–then|(1, [(1392319, 11051)])
indistinctly|(7, [(31293, 320), (47423, 444), (655525, 4619), (724817, 5289), (899630, 6628), (1034849, 7903), (1055841, 8137)])
usher|(1, [(776025, 5646)])
ago|(48, [(41732, 407), (59495, 535), (160557, 1282), (214587, 1717), (708507, 5196), (730725, 5331), (744083, 5411), (839001, 6165), (877190, 6469), (883904, 6505), (889268, 6541), (995619, 7443), (1095797, 8434), (1157848, 8857), (1158514, 8861), (1184225, 9044), (1204944, 9274), (1304723, 10282), (1315366, 10411), (1332886, 10530), (1372033, 10875), (1397394, 11099), (1488219, 11837), (1526451, 12209), (1587932, 12680), (1649523, 13137), (1706379, 13503), (1716166, 13581), (1721976, 13619), (1748703, 13876), (1765883, 14024), (1777930, 14160), (1813595, 14453), (1828866, 14543), (1842219, 14634), (1859555, 14900), (1861535, 14913), (1867022, 14957), (1867777, 14963), (1877977, 15034), (1879767, 15048), (1883031, 15085), (1885827, 15109), (1887741, 15127), (1887964, 15129), (1911022, 15318), (1916918, 15346), (1923910, 15390)])
formally|(3, [(337636, 2465), (582145, 4047), (1956544, 15661)])
awfully|(2, [(254430, 1944), (1721518, 13616)])
obligingly|(1, [(640152, 4466)])
earnestly|(10, [(391346, 2826), (451472, 3184), (470078, 3302), (627664, 4334), (718981, 5255), (1065982, 8233), (1206580, 9294), (1417018, 11271), (1574948, 12604), (1799442, 14354)])
eh|(1, [(688718, 5034)])
similarly|(7, [(269154, 2032), (311126, 2302), (715781, 5232), (942368, 7011), (1353585, 10721), (1630076, 12974), (1641635, 13062)])
dynamically|(1, [(1871898, 14991)])
superlatively|(1, [(112469, 980)])
principally|(14, [(50493, 465), (288301, 2137), (384104, 2778), (413057, 2954), (485835, 3403), (562922, 3910), (586414, 4074), (1440480, 11437), (1466199, 11659), (1601214, 12745), (1777701, 14155), (1790591, 14276), (1901175, 15262), (1918637, 15357)])
thither|(1, [(1941706, 15569)])
unaccountably|(5, [(676556, 4894), (1218739, 9433), (1237250, 9585), (1740189, 13807), (1876870, 15025)])
round|(1, [(251516, 1924)])
rationally|(1, [(424025, 3026)])
informed–that|(1, [(1481018, 11774)])
contentedly|(1, [(1099881, 8459)])
terribly|(8, [(43310, 418), (245493, 1887), (252939, 1932), (469693, 3300), (734956, 5363), (870426, 6428), (1480778, 11773), (1753841, 13923)])
lately|(22, [(41372, 403), (113347, 983), (140680, 1154), (216313, 1723), (217042, 1726), (294760, 2179), (556636, 3871), (645191, 4516), (707526, 5187), (859347, 6343), (1062116, 8202), (1158491, 8861), (1290063, 10109), (1360382, 10793), (1372897, 10881), (1399253, 11119), (1590684, 12698), (1646192, 13115), (1728200, 13686), (1777954, 14160), (1823209, 14519), (1861537, 14913)])
wing–probably|(1, [(1956247, 15658)])
ultimately|(5, [(152414, 1231), (283698, 2113), (433639, 3076), (494256, 3472), (1912805, 15327)])
sure|(3, [(398305, 2866), (879507, 6483), (1027500, 7829)])
inconsiderately|(1, [(1921317, 15376)])
valorously|(1, [(728482, 5307)])
foolishly|(2, [(421278, 3010), (1270895, 9932)])
languidly|(1, [(26479, 245)])
queenly|(2, [(26321, 243), (1838220, 14605)])
nightly|(3, [(168151, 1322), (777762, 5658), (826928, 6093)])
folly–especially|(1, [(481829, 3375)])
imperceptibly|(2, [(1065247, 8227), (1098988, 8455)])
oily|(1, [(1890817, 15152)])
considerably|(12, [(96165, 890), (155912, 1251), (247257, 1897), (296660, 2189), (904485, 6674), (1408629, 11207), (1428595, 11364), (1440461, 11437), (1535269, 12284), (1691370, 13403), (1947756, 15607), (1963874, 15705)])
heartily|(6, [(337656, 2465), (571874, 3960), (596126, 4138), (813608, 5980), (1333027, 10531), (1691007, 13399)])
again–why|(1, [(1523103, 12177)])
